,AAPL,ABNB,ADBE,ADI,ADP,ADSK,AEP,ALGN,AMAT,AMD,AMGN,AMZN,ANSS,ASML,AVGO,AZN,BIIB,BKNG,BKR,CDNS,CEG,CHTR,CMCSA,COST,CPRT,CRWD,CSCO,CSGP,CSX,CTAS,CTSH,DDOG,DLTR,DXCM,EA,EBAY,ENPH,EXC,FANG,FAST,FTNT,GEHC,GFS,GILD,GOOG,GOOGL,HON,IDXX,ILMN,INTC,INTU,ISRG,JD,KDP,KHC,KLAC,LCID,LRCX,LULU,MAR,MCHP,MDLZ,MELI,META,MNST,MRNA,MRVL,MSFT,MU,NFLX,NVDA,NXPI,ODFL,ON,ORLY,PANW,PAYX,PCAR,PDD,PEP,PYPL,QCOM,REGN,ROST,SBUX,SIRI,SNPS,TEAM,TMUS,TSLA,TTD,TXN,VRSK,VRTX,WBA,WBD,WDAY,XEL,ZM,ZS
AAPL,1.0,0.7322200666907448,0.8118092431646416,0.4571495095281325,0.19014470276849751,0.45492104346437534,-0.6436849653237683,0.09802189297826606,0.8806164699510058,0.9104448633001699,0.04751737320434423,0.882964304560687,0.636787762010772,0.5386185782484721,0.8728024405617153,-0.06939641047107241,-0.2964455057294241,0.7895020851158445,0.4707600331411301,0.8984478309251489,0.6320570560366741,0.19908830886169432,0.682022254653644,0.7528498187995917,0.9431165415669104,0.7512993595079598,0.3996372738637255,0.6501368137934704,0.48751118369144303,0.8054153427598661,0.5961056480621221,0.8349779781706878,-0.28926590617530135,0.19013266193798176,0.6525385779817052,-0.30197512794678877,-0.7087773111364039,-0.5164572524353483,0.21618903747498755,0.8807432953397997,0.4190033650287416,0.30631164749101225,-0.18195990880544755,-0.6861919892639957,0.8501137155860324,0.8532366446142159,-0.15375170690436277,0.3755692673393029,-0.5308441867960729,0.7275928809297681,0.7602278410874962,0.8288947888398396,-0.7944878972953601,-0.6194337554214476,-0.6218937092551522,0.7742149243534622,-0.6069864542568434,0.8938027885921168,0.7756851827464258,0.7739955370055284,0.56053228328527,0.5459181371151218,0.6695126430977523,0.928961963825112,0.6471425236768478,-0.7865793082522218,0.8118705037982228,0.9479312965158205,0.7700875118867838,0.8364886701224508,0.9202707814346883,0.7460458485286748,0.5967418910383371,0.533476343321168,0.8722369444652218,0.8981965671444078,0.3960421758365303,0.8006462289845396,0.254487156093591,0.05693253152451454,-0.6135924783242713,0.11538396744356318,0.3603617287381415,0.30271183897982173,-0.4128560478813052,-0.09025407436133358,0.8382747217476867,0.6128139206391761,-0.07910665061359505,0.8306775904055435,0.8508551023178836,-0.2572531282168455,0.8503146175441342,0.8191907755978971,-0.6603140590423888,-0.42333173560146187,0.8441024629770396,-0.6076697372751769,-0.17290311578720044,0.6959541204738157
ABNB,0.7322200666907448,1.0,0.671799023532917,0.5472495266844878,0.42875665766685417,0.6058936863608614,-0.5030061337824053,0.34870635300219643,0.7327840942520931,0.617747868920094,0.09505207040934478,0.6823784725420418,0.5530427529849138,0.32771647018095534,0.6883251975443689,-0.25886313708709924,-0.3823585729340279,0.7545000564865659,0.6442948560904342,0.6769386955316214,0.5105959244248356,0.43577917921609544,0.6664066181153738,0.6836309584490678,0.6389558442380665,0.555385605387699,0.5168431898700934,0.5143330069695602,0.3376867338673639,0.5910063529700235,0.6905906637147914,0.6836160190340971,-0.24194150786687313,0.14472461299225337,0.3028331763168801,-0.003193967470992087,-0.48829093105541294,-0.362727079684826,0.32138799952435326,0.658541690550812,0.3508382863072961,0.1793675944771721,0.14379642379105598,-0.5101091550837796,0.6072447219596241,0.6137162245982359,-0.11634248930064607,0.5128282582197247,-0.37952420951468396,0.5671274994710452,0.6880084514500356,0.5169005918409523,-0.5150384355273987,-0.24081886332100264,-0.5330156838767959,0.5896976842339812,-0.28966765908489495,0.7177566676868379,0.5493766569198596,0.7628690474402899,0.7099079002008819,0.25254595700551413,0.5489739861098941,0.7028853088402689,0.3718280965455884,-0.5535921276746704,0.7105934518535836,0.6226206014141022,0.5532139928594356,0.6468979916759493,0.7165641060152871,0.8599116757835775,0.7556472534338334,0.6876558892529266,0.5487894858411319,0.7168338564149365,0.5797816675891618,0.7619987830213116,0.3350385571648476,-0.01859548386821302,-0.2790343472667502,0.28721330018124525,0.38129334371905105,0.33902533800231704,-0.39103106724755454,0.0726936926694631,0.6213019634882777,0.7279345798405574,-0.009267970129671085,0.8528082594566109,0.7738708847474212,-0.03664615299347996,0.6214267828079914,0.5457748434386368,-0.48785500531477816,-0.07168966103277061,0.7669755647159314,-0.5849462914080361,0.24048399524388234,0.6006981687807115
ADBE,0.8118092431646416,0.671799023532917,1.0,0.0780671628192677,0.5170241821371984,0.5633144053950337,-0.828236845877493,-0.22878880454390277,0.9256358163944669,0.7845197935658532,0.5272445113492965,0.9547653519661885,0.25188270672699137,0.2641388441296406,0.9457495008882814,-0.44810123224724896,-0.68799564362973,0.8736023546229479,0.7721703934325214,0.9194094564249701,0.9408816017253538,0.5840790397709007,0.7914271842456833,0.9020282208347208,0.8981953826166482,0.8602129402892121,0.548225901811438,0.637113878733623,0.349371732944644,0.9169082133214284,0.7898415726434145,0.8187538988441972,-0.6398912028679923,-0.2104040703749839,0.6010772044671129,-0.4623568222402743,-0.84727463993192,-0.6307708324238107,0.633425858597387,0.8569861412578559,-0.07387133469197787,-0.21359519061175958,-0.43408296465843016,-0.6053856769344694,0.9065317547629012,0.9033188840000557,-0.25406924033043343,0.12904683864606467,-0.8470225156769678,0.8864794494823268,0.9286854234092699,0.6031408049204403,-0.7210995840708041,-0.5960508412171137,-0.8133531710615642,0.9325194842318967,-0.7677933158648707,0.9247068513052307,0.8128996897036039,0.8989619574361248,0.39813885842739677,0.12791658101396652,0.6619089864732323,0.9214385092588507,0.29396448467458813,-0.8576273153318902,0.756980595036053,0.8846951756907798,0.8503626950590603,0.8944983205639652,0.9363634118849732,0.7786170110064521,0.8194460996957947,0.3271830474460735,0.7608897465714898,0.9034790271442498,0.6456148501703606,0.9370016126430021,0.6311097702734288,-0.41095215787158185,-0.7356272612046981,0.18740583793549317,0.5415310020295205,0.6706841517991484,-0.5698419049501743,0.23647217666379616,0.9469047736653967,0.7821907498940323,0.08679921143336684,0.7829344653930185,0.7422031214963222,-0.5340499984716033,0.894943154919093,0.8151833152885029,-0.8719652913337187,-0.6370434637582352,0.9054956637295103,-0.7983076781327618,-0.16794196789705193,0.8867988151698122
ADI,0.4571495095281325,0.5472495266844878,0.0780671628192677,1.0,-0.14250429474584395,0.40399203102692627,0.17993131306925342,0.5284506707872174,0.3017023182073288,0.45223916529827657,-0.3825765770858374,0.16898498903053422,0.7257921316148926,0.6630480366856355,0.24785318784108545,0.22844310337805543,0.17178197449807867,0.2665258832993544,-0.10586457396814654,0.26910714382583106,-0.15751025347883882,-0.3065851617892602,0.049189144232115505,0.22088824178087402,0.24711342252054824,0.20335709412949107,-0.04533160966544708,0.27486986389064183,0.4522763916784605,0.20114540438794024,0.18653305056027836,0.3767361986990694,0.4550702302039444,0.7194956267253433,0.247250331311142,0.24290110504533735,0.1444950683443282,-0.05141132900369153,-0.3320373994753098,0.3559072379582266,0.6184781469114428,0.7361763265342988,0.6352535657573469,-0.0742719195402712,0.07161805172578899,0.08026120048089351,0.3103856311484241,0.7834855095174642,0.2871913453164416,0.21332466782468165,0.1904514667687199,0.4180982522507441,-0.12394820994388767,0.1846149883501742,0.1721144548461133,0.16026675043981856,0.144324069850468,0.3042458564362221,0.26674690603021967,0.21462703135282388,0.8144697691632888,0.47413922702145883,0.34183715998418396,0.21490638438049747,0.44389596344624627,-0.008735596809764063,0.34152446633225997,0.26251044543296526,0.2113244793393072,0.26225607472072177,0.1957293175499903,0.5129546019950566,0.0846781753801932,0.4463807870155438,0.22966565768659764,0.3052383697053902,0.1545697063701923,0.23108172190979143,-0.05561977923402012,0.45023396118746556,0.2386986243696938,0.47743169077404546,0.043174787896908415,-0.026421345336060827,0.14003958718766724,-0.10807792378866955,0.15091430318910645,0.2276158505364228,0.12247784784574409,0.397389802520659,0.29694389997524395,0.5575268091265076,0.054318529253753654,0.14553704848748666,0.2024462643301849,0.4212928086137205,0.3500118524939926,0.11970801247657631,0.4504268295486497,0.15346784200987473
ADP,0.19014470276849751,0.42875665766685417,0.5170241821371984,-0.14250429474584395,1.0,0.340070153417382,-0.457609389464756,0.10725315423925252,0.4433487494035308,0.11192247386888073,0.5754582969905455,0.42596616296217216,-0.12042293527172913,-0.15760392054179653,0.4060219036864135,-0.24589282177450764,-0.3855673661331858,0.5006889733263604,0.7828901017422272,0.24972497427526524,0.5554775281027604,0.8026911191082318,0.7309636712231291,0.42594948538439403,0.26140788742662524,0.2275808813671729,0.6358590431123162,0.40540050765456714,0.10988877321911664,0.3542101964497981,0.6316088691845226,0.35141028533558333,-0.3721721243986722,-0.37242397287988127,0.102356182501367,-0.0035183556809507887,-0.3332279217959327,-0.1588954019143328,0.5939052772221436,0.20908063445535904,-0.23536630325907046,-0.5557616605068064,-0.32957748939677156,-0.22640338905522556,0.4592770832361602,0.46081365986024436,-0.13619983840208463,0.12211913370724321,-0.409356819214864,0.3487109286352951,0.5093994308795569,0.1916310200394233,-0.07123347545309386,-0.0739758300272919,-0.490282930524539,0.46787568694393894,-0.27904830479835346,0.4445170563055057,0.23594679350454598,0.573289103365657,0.16230633554824753,-0.15732210772540633,0.07791790631759352,0.35048546374969625,0.000951677950522475,-0.25557658082605506,0.42276203307049326,0.18386428571297406,0.27524413148157817,0.35158942412687494,0.4225454179173172,0.5328849796532574,0.7072685687493228,0.43100041848903464,0.22631538566812603,0.2645255352909201,0.8116088555401366,0.4684455312370928,0.3595047240468833,-0.2587754429645777,-0.2418242726958645,-0.03886491340820528,0.3098281988284214,0.48368139493248286,-0.38317296871937584,0.4637958533744194,0.3219234142370435,0.509338858289678,-0.10016874815295038,0.39407978224817614,0.4189453563335934,-0.17872664282483877,0.5002202921606904,0.28730862822421976,-0.4200286862001308,-0.29464967772548034,0.4223449370518405,-0.5472850724882824,0.11463068960412524,0.38190668739258193
ADSK,0.45492104346437534,0.6058936863608614,0.5633144053950337,0.40399203102692627,0.340070153417382,1.0,-0.322539330504145,-0.008591836858971554,0.6286745103865108,0.5508183232448111,0.3386625063540027,0.5552754156953756,0.20838058919147734,0.5123653062726791,0.6072976135091878,-0.3853952623912247,-0.33092517712628966,0.5984911088900235,0.4804103548056974,0.5436768593144448,0.5119638891996506,0.3640520675740014,0.4601935498633427,0.7138301029147015,0.4386348749338542,0.61441918379577,0.20820797956206616,0.5570983888201794,0.4903101383894247,0.6119333873563092,0.7867496305401478,0.6732608926763742,-0.18785600708532924,0.08545391661792413,0.30981667585222616,0.15154998954274262,-0.28372284644587376,-0.5291628320335083,0.3809674876526848,0.6088458328693604,-0.07007817182782233,-0.03933804992323577,0.07189373568845595,-0.09419128012948143,0.4413465237430187,0.43916722220327425,0.2086773019825962,0.5304265223072935,-0.3653436970867407,0.6353607172201701,0.6652751636010851,0.31527860043726297,-0.19595849136109716,-0.10066217477077098,-0.2472512373543373,0.6539522194110668,-0.1391108063326843,0.6243629332727593,0.5498006316041617,0.6699322624499943,0.6642980154805189,-0.0626522181821556,0.560348198249806,0.44399699844966056,0.12899995584967588,-0.2864503782605372,0.5085050701645136,0.45174414114006434,0.6495227982680286,0.6299116059657047,0.45922656946445806,0.76760304371176,0.5461516475717614,0.29213794854651914,0.26360974686004823,0.5625807532268787,0.6069272939698815,0.6501949954207709,0.6758349135063325,-0.36127512601183925,-0.13275171616209558,0.6723082807483043,0.3984315723819006,0.685005696702396,-0.2236981848899201,0.3705736633658725,0.5742461644131827,0.7818012170245392,0.35595917707706054,0.5487948987333583,0.32510519977820423,0.016946447361550127,0.36580067652806053,0.4584511889170281,-0.3050780001174649,-0.05179238704094183,0.683604696023197,-0.34013921218398135,0.531224327861234,0.7521038982678565
AEP,-0.6436849653237683,-0.5030061337824053,-0.828236845877493,0.17993131306925342,-0.457609389464756,-0.322539330504145,1.0,0.20730246363604582,-0.7881867929141665,-0.62508915885979,-0.4308720990610109,-0.7989169504593344,-0.14000145400146477,0.04902172106730769,-0.7674830546773268,0.4171437491764367,0.6213465300803811,-0.7450337954631446,-0.6936249078514211,-0.7759963367818498,-0.8477751177819423,-0.6118871605876027,-0.721384748367057,-0.6882785758964554,-0.7796860412284683,-0.6978255012589771,-0.6326273217411394,-0.36437613107396244,-0.017498994564995943,-0.6815409087344778,-0.6063408143006676,-0.5889156381985419,0.8062617224452341,0.5119810893778465,-0.23759406587752988,0.5639281328031915,0.8802598276777196,0.7433195391775763,-0.5944095940875848,-0.6570454691357018,0.10954660272333645,0.3349729819488197,0.5014963769270757,0.7586051484383468,-0.8698348032936003,-0.8684414600585609,0.6051166720506356,0.2321396763992796,0.8286620302372582,-0.6273981643747287,-0.7446047273915462,-0.37177533518750416,0.7737731306607817,0.7507216465343397,0.9316503181733637,-0.7265686538980527,0.743417226569398,-0.7603066386783733,-0.5628181574779302,-0.7448532907854781,-0.0904289504589727,0.02421374198711107,-0.4896325471867965,-0.83400732701289,-0.1593510983153478,0.8631276074582979,-0.6359657919567475,-0.7303349156541298,-0.6767232203226421,-0.6422204384431296,-0.8509712580817986,-0.54096715304954,-0.7382438437048966,-0.36999881412739793,-0.6145239349701116,-0.7578760902964488,-0.3577563119369231,-0.7385662050944537,-0.44037071707377473,0.5068058956006354,0.8878736983303661,0.19028356329909477,-0.5197773836559767,-0.3814044144265601,0.7737855794336227,0.0662732425934779,-0.8040848934193913,-0.699739222364554,0.21324687030797684,-0.7001910178049432,-0.70642732337291,0.6923332237188111,-0.8507536136493294,-0.6711410382256833,0.919029066258724,0.6885421479247671,-0.6901969252131087,0.9593990570696292,0.3513921042788257,-0.7149065893344154
ALGN,0.09802189297826606,0.34870635300219643,-0.22878880454390277,0.5284506707872174,0.10725315423925252,-0.008591836858971554,0.20730246363604582,1.0,-0.03614388360031006,-0.05194771992688146,-0.5320074528774908,-0.14256662507137347,0.557933018433352,0.1612730069297228,-0.16276223914538854,0.43002033532088246,0.4740086535306146,-0.04827119050155932,0.013247048746933807,-0.19183000886477888,-0.4186403508525383,-0.07209591674992498,0.11761248137333621,-0.2531784775124628,-0.13129932693253024,-0.3958876982270379,0.29120806528440435,0.000960705998789947,-0.0007916856491240016,-0.3396179184064462,-0.04220189878002044,-0.10297945617023051,0.43825046342750396,0.38953255271523757,-0.3097193591008347,0.49230080989021724,0.33818201019583616,0.29705831532446825,-0.35869211369852505,-0.15708573251513075,0.6801017652048922,0.49119803608436396,0.5650180622614491,-0.050149889667451694,-0.10057311497800023,-0.08558050145595618,0.031012325768272363,0.44230076837810256,0.5814034881180481,-0.3454195874092998,-0.21160666666720057,0.1505015671339427,0.13007572470194348,0.29171245497140236,0.07287393971265353,-0.28511108130743956,0.461413480150434,-0.06086436570236811,-0.28714535362678123,-0.06825763978981787,0.3783549939906762,0.29093978928078407,-0.20592823486096673,-0.0720289563719299,0.3210367590706246,0.27612713019096374,0.20502290552289265,-0.16985939677048476,-0.3095085961148456,-0.12826581697094652,-0.029271871069232448,0.1894249868786538,0.08751106529086511,0.7184293547507903,-0.08628744214152756,-0.14155684690135265,-0.00029670560349368284,-0.1779094058823034,-0.5683750970951394,0.6061741325868727,0.39487075669181443,-0.1251441678063179,-0.12271384442635942,-0.48810476584827106,0.07985428838189797,-0.31142867700801957,-0.32481597477846746,0.024089286716197242,-0.47887738820047976,0.26120136798269483,0.2872510527543661,0.6493219474754576,-0.08192016263369602,-0.18407733891219952,0.3670261359008437,0.5606832125866016,-0.04650902511236146,0.05643175310780445,0.36611420703489933,-0.3630517620146929
AMAT,0.8806164699510058,0.7327840942520931,0.9256358163944669,0.3017023182073288,0.4433487494035308,0.6286745103865108,-0.7881867929141665,-0.03614388360031006,1.0,0.8947108923103679,0.31598828228941006,0.9506151952767357,0.44205128587048437,0.474531774968922,0.9618999293616897,-0.33209381822763945,-0.5302329925044139,0.879869925006607,0.6765364190525075,0.9117716071132573,0.8236051020577289,0.44916057982113766,0.7841902590525842,0.8732919481482867,0.9070823101346323,0.8329436146263605,0.5498499567553939,0.6854986201537322,0.43833430989999617,0.8768863335064335,0.7948264444600476,0.8792832131708185,-0.47980469463021463,-0.03319005079524481,0.5394221188736479,-0.3647700023367355,-0.7666142349987348,-0.6968314681949908,0.43945516221992803,0.8796216184142723,0.11127319356998724,-0.014904854973931575,-0.2743118319296443,-0.6797989499513039,0.8979733981021467,0.898093936009633,-0.20372325578209247,0.2991067934382894,-0.6891941708366991,0.8361990658920281,0.8809779203993631,0.6808691056178667,-0.7052493876109436,-0.5637426437098016,-0.7417388913599848,0.9409563779821334,-0.6653610173969096,0.9828517139484934,0.7698799060134187,0.8955457165926055,0.5627480703550966,0.26904651410583985,0.6870863936383644,0.9213392515155688,0.46691854920895337,-0.7998068348904595,0.8627831138488004,0.8891646825446299,0.8606826843065286,0.9061866393239933,0.9480416742854939,0.8642612903646847,0.7674803187135198,0.49739981126491734,0.7482496349614308,0.9107265414996506,0.6001806710049994,0.895682377555175,0.5256235306058159,-0.2567701815792736,-0.6768333924966611,0.22765415681625728,0.4648678352949637,0.5641563224605762,-0.5788507572999779,0.11846384455849947,0.9122114147231268,0.8105321895252228,-0.02378916780716135,0.8461465770260912,0.7977746896400405,-0.33841251553694424,0.8786269355292056,0.7951798989245348,-0.7687823162472784,-0.48911276635752016,0.9277149431299891,-0.7890095342548548,-0.048005528916522794,0.8646360984298113
AMD,0.9104448633001699,0.617747868920094,0.7845197935658532,0.45223916529827657,0.11192247386888073,0.5508183232448111,-0.62508915885979,-0.05194771992688146,0.8947108923103679,1.0,0.11067526336332127,0.8690269935010395,0.5877697844822917,0.6453119085374689,0.8966860351008236,-0.12169098321944806,-0.3119977287698235,0.7771768884233092,0.3605338552849646,0.8978264984446235,0.6386420087258143,0.09654329436264751,0.5737186796067276,0.7935838428863177,0.8989950347074472,0.8383967693363206,0.30737790216055544,0.6147756709114338,0.49923869915993313,0.8360487365939583,0.6101000209257361,0.8496759805591425,-0.2957499516321931,0.2088169782723177,0.6316553186984246,-0.352876117562935,-0.648653316634686,-0.6755089377716685,0.18590378991366335,0.8766457682709012,0.2745454513884306,0.27401461350130435,-0.15397062901352263,-0.5958450226538021,0.8193761418791897,0.8206135363646118,-0.09572240256874448,0.361645511069536,-0.518991073010015,0.7914689310193898,0.7633964394250059,0.7538480492908696,-0.737373953641705,-0.5738114272032013,-0.5331346330010195,0.8348561763294373,-0.6164266914471462,0.9038744408767019,0.7910506645701083,0.7487639498975116,0.5631248801760821,0.462116195527681,0.726291554705907,0.8739299266575171,0.5813579616665336,-0.7395712856504549,0.7945927206616173,0.9183677524491003,0.8548024515969083,0.8424168499359821,0.8630342065992141,0.7399158985620465,0.48858988559380073,0.40308612978009206,0.75096994916792,0.8845607659556542,0.37960432602902777,0.7734043569360809,0.3906625452558558,-0.07854919936378697,-0.6237536913349804,0.2661836970441951,0.39751617741864986,0.3899936997493318,-0.45947678741267284,-0.044155468308349495,0.8673253444745814,0.682017737904434,0.023913687237615253,0.7439813344869688,0.7236195968084151,-0.22626101048508396,0.7728793845046262,0.7830601666253618,-0.6108203288111003,-0.4087928482637179,0.85378195242053,-0.5698380667694953,-0.08893511040161764,0.783090523709542
AMGN,0.04751737320434423,0.09505207040934478,0.5272445113492965,-0.3825765770858374,0.5754582969905455,0.3386625063540027,-0.4308720990610109,-0.5320074528774908,0.31598828228941006,0.11067526336332127,1.0,0.39618681282213514,-0.3934612702710074,-0.29586577679326825,0.3983748522543882,-0.4572378384009865,-0.6379810630747227,0.5133079294468458,0.5433403556728739,0.36005168320877434,0.686752198395579,0.6551293306380803,0.43323399276578284,0.5846146497706757,0.25529397798158043,0.5256108619174279,0.26725697418843786,0.10228010687547774,-0.015466187277998908,0.5277824871243311,0.5168934993954913,0.19236108354812034,-0.5836693107938277,-0.6161252503492759,0.25693099801699854,-0.4048419904967247,-0.47713343910674694,-0.3839704861943406,0.8215267807350266,0.33020957383590605,-0.7161342602848929,-0.6591535649008139,-0.5146101362388279,0.03974738955294179,0.402929148860941,0.3924808612941455,-0.20438269922370708,-0.18169241286216756,-0.6800366028558539,0.6008720416865039,0.6194915094964911,-0.05741323892196874,-0.24080639192938186,-0.14887143042439757,-0.40411230359225814,0.48336232894040865,-0.5344035433136283,0.3432952654339257,0.5095818071428931,0.5059977955490446,-0.14130208300487743,-0.3928354453957437,0.35496895435181264,0.31783916461118056,-0.35702161769062846,-0.39102231658572495,0.009271294153292739,0.23089910020931922,0.46038914699101063,0.27766637961760293,0.29339262819676365,0.2500858518885775,0.523634492898467,-0.24382847783399306,0.17651539944416078,0.32784459767099294,0.5015906732352107,0.5018048928109474,0.7422974784741176,-0.6972742125286454,-0.4225619043973619,0.16386946892443413,0.6417494592226486,0.7346887399205129,-0.32069729379009604,0.47308203803251553,0.45528458855019116,0.48965607017400076,0.5112628763004453,0.07133294537556563,0.04630077260796529,-0.5780216583921856,0.3651103270766957,0.4386127520888535,-0.5433704030517442,-0.5007971080165593,0.38279067882294693,-0.37016961943719,-0.13772586120612323,0.5203658423088714
AMZN,0.882964304560687,0.6823784725420418,0.9547653519661885,0.16898498903053422,0.42596616296217216,0.5552754156953756,-0.7989169504593344,-0.14256662507137347,0.9506151952767357,0.8690269935010395,0.39618681282213514,1.0,0.3552199756313794,0.3904399395565393,0.9529276452192544,-0.2980329132049182,-0.5358882975872986,0.9038299564343882,0.6949172261736573,0.9250078808411706,0.8816733363268582,0.47646982439664803,0.8236129807250089,0.8951039022736486,0.9457675072174789,0.8525366555138968,0.5092273213110443,0.6887763250216601,0.42426241255534186,0.9189136875283951,0.8007599983124927,0.8675760404052565,-0.5202619508891274,-0.08592040564001255,0.6109622812378841,-0.40681214451281145,-0.8442973470380634,-0.6593589367602264,0.5036092595852533,0.8839786370854896,0.04208201430360841,-0.0743030232954723,-0.4317311750618644,-0.6492105262535658,0.9414814447949038,0.940462407675867,-0.21109406048314314,0.2103533802374552,-0.7676546412587781,0.870263817757125,0.9047962681805346,0.7218059637108144,-0.7581235439664777,-0.6152974038040185,-0.7554656093011135,0.9309911283861069,-0.7350071111926764,0.9656093677930552,0.839229537259553,0.9146326176941224,0.4064760482238882,0.32984377604617765,0.7232372454929259,0.9523441178487038,0.4970927051872485,-0.8606843106693202,0.8088463655275315,0.9368939151434933,0.8824623787220208,0.9193337851652202,0.9564811947022868,0.7791322532918823,0.7484526490690782,0.39840517343282694,0.8365543345220869,0.9061137496938357,0.5718171228389716,0.9108317373168121,0.5212766292062714,-0.2426728192887177,-0.7544456008165579,0.13450287199913094,0.49448716179645635,0.585887233406991,-0.5363797485010726,0.12537907696420608,0.9321864536026764,0.7810981331613606,0.029578740024455704,0.7967687818924233,0.7948489600399924,-0.47662863754047086,0.9300281498346882,0.8660414734887221,-0.8327945967954283,-0.5908951639372871,0.9208484430165436,-0.7723801313131244,-0.1767136891220267,0.8570627287368658
ANSS,0.636787762010772,0.5530427529849138,0.25188270672699137,0.7257921316148926,-0.12042293527172913,0.20838058919147734,-0.14000145400146477,0.557933018433352,0.44205128587048437,0.5877697844822917,-0.3934612702710074,0.3552199756313794,1.0,0.5100123852155315,0.39743251184511613,0.26774809308928804,0.14559523776462074,0.36856105436978126,0.055127111415449036,0.4620013241341415,-0.008631011452303989,-0.203781709611416,0.21422669019832719,0.24096561728808868,0.46829140716405987,0.25637293895997704,0.28682743214583467,0.2733722666055419,0.2630774528659157,0.29866631137585786,0.12294259837705641,0.37695725311625744,0.13282308439086607,0.4816876911262555,0.2944112692357433,0.02626047863917336,-0.1083880210958474,-0.12662942274799657,-0.22329395992343185,0.41422839233325953,0.7719846810867341,0.7319732461154943,0.44274406852389425,-0.4216875362335027,0.3596429369769264,0.3694337636888806,0.002141975392963058,0.47726482636441286,0.13071576491968903,0.2611355603347505,0.2726701178497769,0.5676277338624407,-0.4412778434353838,-0.17758310829038196,-0.20065934008652583,0.21651437245404495,-0.1338797606321388,0.4177330801578713,0.29722038810587725,0.2664566151296767,0.5674819829884078,0.5365361513096094,0.3252154161023103,0.468367539632837,0.5601703593752021,-0.25547265879738557,0.5269504255443437,0.4743055445502741,0.30282850263391686,0.34531177946845987,0.4697742802692305,0.4532226364850197,0.22401871394108794,0.5904494743614512,0.41359364151881295,0.46176326347326085,-0.012133124505811525,0.28643563855870163,-0.22521406615601022,0.4391408630866178,-0.06653402877137464,0.09902390311008277,0.14275079637599838,-0.22314253839989376,-0.15787412545696622,-0.3364217381232481,0.2926986913026533,0.31861823298560965,-0.22507586172669297,0.5800079807003939,0.5984291560891578,0.34342785323265274,0.35403359562083997,0.35598488177675325,-0.08523883172274656,0.10783375663494897,0.4294672764321999,-0.17470503034231963,0.07876844146225098,0.15450991337130954
ASML,0.5386185782484721,0.32771647018095534,0.2641388441296406,0.6630480366856355,-0.15760392054179653,0.5123653062726791,0.04902172106730769,0.1612730069297228,0.474531774968922,0.6453119085374689,-0.29586577679326825,0.3904399395565393,0.5100123852155315,1.0,0.439135598171292,0.14383133034074327,0.18991345622743053,0.256559270407146,-0.04375366737885746,0.3751073162384272,0.06876899611422566,-0.3054824693934985,0.15799359488766743,0.3485547134928329,0.40279199135651683,0.33275425146505994,-0.13294150050356668,0.6094079993518245,0.6942071527605058,0.38550610109344563,0.3396883867182983,0.6037182675668913,0.3764211155937456,0.6968512959048093,0.5382301853454663,0.24198592588786194,0.004363817424779242,-0.2266431097625418,-0.2664877915376683,0.4761712725137597,0.4201882940073078,0.5481127633930679,0.2507404069803066,-0.09653863055108933,0.23525419028996122,0.2373681181016456,0.48372221591192227,0.7172791464278985,0.08788351680032795,0.3685197636427158,0.24102754212526348,0.6018015494146768,-0.07037738474213273,-0.07826019778114371,0.11860363550028967,0.47569046048975094,0.02074411910867253,0.4900136498373694,0.3767614889072632,0.2988525583043454,0.7005928079248755,0.48559579024641103,0.3689945286879431,0.3064277702272053,0.5839299229690742,-0.06884353815163413,0.5679820738024892,0.4498492335873961,0.4503350701032272,0.5900965902898532,0.3299077670418023,0.5303270550679097,0.008257934341661641,0.2611150537504727,0.32281890608489333,0.38216572477558713,0.2706818206125031,0.30719070953189986,0.0946334812641974,0.2754572363349173,0.0645429337590758,0.5669120504061754,-0.12425517541608493,0.22204952352784763,0.12170838302245009,0.14205781992451116,0.3451661606554921,0.2626793834440064,0.08302157357340344,0.3681252453138351,0.27158929249059893,0.406855259878589,0.19546815610673718,0.31804632677144473,0.08357794948150837,0.15785056443434037,0.43859486209214676,0.05655502108267914,0.3291401261749513,0.38341803861933005
AVGO,0.8728024405617153,0.6883251975443689,0.9457495008882814,0.24785318784108545,0.4060219036864135,0.6072976135091878,-0.7674830546773268,-0.16276223914538854,0.9618999293616897,0.8966860351008236,0.3983748522543882,0.9529276452192544,0.39743251184511613,0.439135598171292,1.0,-0.34292882403809893,-0.5601949418620383,0.8760339968437884,0.6622856756154611,0.9345630450116368,0.8600578127549329,0.4130031660610044,0.7475566534175877,0.9224051039993134,0.9206036257065491,0.8903547830711234,0.47209977722670754,0.7009867202688511,0.49049087665880287,0.9363991835061007,0.7699418542799618,0.8843806489215018,-0.5069016246796232,-0.029578911322593385,0.653714650999025,-0.42112324010408947,-0.7719107086948382,-0.7017718232670189,0.48628698077634963,0.9153260556411216,0.07119729744061429,-0.03058084635394932,-0.3378617729382132,-0.6120897054497828,0.8892056071408994,0.8878173723450398,-0.12914053628510955,0.26309924522244515,-0.7466605787038996,0.8859389137021129,0.9030634488898601,0.710987701339676,-0.733179929998436,-0.6140755949189189,-0.7188522268947345,0.9487731441159362,-0.7528493114613511,0.9617959739444325,0.8474747925034821,0.8902198027376422,0.5169410625124115,0.24794287540414622,0.6716841270715597,0.933558746322635,0.41392290955502087,-0.8320256914598556,0.8271717187383989,0.914556465660542,0.886315058114945,0.9147516713199298,0.9426758793461122,0.8313135745070033,0.7232022627961008,0.39130542262641543,0.7763254607507158,0.9397345340767639,0.5971377919230534,0.9275474420731203,0.5848819538149875,-0.2985396927492839,-0.7036394644028666,0.2441916819041955,0.47033756952441813,0.6182173355469668,-0.5779663413631325,0.20191351156731518,0.9453553770189919,0.799272223491902,0.06975166209875258,0.7996148285589164,0.7645164410385402,-0.4071744913895122,0.8784302388003683,0.8625604294784389,-0.7806821903206457,-0.5830591613908015,0.9210393868490222,-0.7354769871737851,-0.14481527150819046,0.9009382144563098
AZN,-0.06939641047107241,-0.25886313708709924,-0.44810123224724896,0.22844310337805543,-0.24589282177450764,-0.3853952623912247,0.4171437491764367,0.43002033532088246,-0.33209381822763945,-0.12169098321944806,-0.4572378384009865,-0.2980329132049182,0.26774809308928804,0.14383133034074327,-0.34292882403809893,1.0,0.7920991315011214,-0.3011663222063479,-0.4742785215720705,-0.32596938453299534,-0.5356936422731469,-0.4988683001758443,-0.15107187650798007,-0.42886348721687595,-0.19548543535996935,-0.41519912429223177,-0.1882370639162115,-0.08793898722400516,0.08293289213276124,-0.3484844148203903,-0.41850848717921085,-0.26740973405838603,0.5188959670207128,0.4107292933373146,-0.017858141481685706,0.2814292962170489,0.3764556169431892,0.4126428545761434,-0.5357160562824377,-0.3222098695170948,0.48740409430168075,0.45724403803269154,0.14960541970530228,0.19626069451644224,-0.20772922238632055,-0.19876707523243556,0.1856609090317365,0.12128199092896248,0.5967944028016218,-0.3609001772736464,-0.41215980983801087,0.2207652648836028,0.16445787817610125,0.16915118244443597,0.44193697117357505,-0.39544640079634247,0.23718043987539397,-0.2710929933111495,-0.18935568493927515,-0.3686857008490324,-0.1843365712558406,0.5659579134290899,-0.2601507881250224,-0.24000490760711532,0.43317550605901217,0.3618427800376713,-0.13166547636425435,-0.1872557255165432,-0.27418553055703565,-0.31741358276612425,-0.25482267054829055,-0.3458938946756678,-0.504876665705939,0.14993255866615432,0.004010771068699737,-0.3367190202810809,-0.37435541233050135,-0.4862635203081873,-0.6824062743801707,0.7663190646388108,0.25283368165442294,-0.3437719974025254,-0.22844079711789095,-0.5811712406207191,0.3527673312060617,-0.3836234166727879,-0.4214127230735907,-0.4120419945561199,-0.3164991591968941,-0.25769089803594697,-0.03132800464531594,0.39649944070882426,-0.17092964582682002,-0.13081592749649043,0.4699818117913023,0.23161696694527467,-0.3278094109499238,0.4496726354118081,-0.09923301208593197,-0.5208960214185394
BIIB,-0.2964455057294241,-0.3823585729340279,-0.68799564362973,0.17178197449807867,-0.3855673661331858,-0.33092517712628966,0.6213465300803811,0.4740086535306146,-0.5302329925044139,-0.3119977287698235,-0.6379810630747227,-0.5358882975872986,0.14559523776462074,0.18991345622743053,-0.5601949418620383,0.7920991315011214,1.0,-0.5736439753262302,-0.5967634690980167,-0.5800403209585958,-0.7531797507226853,-0.5530368205677951,-0.3404699196221295,-0.6167134463482439,-0.45992779398363365,-0.643806573361776,-0.3580119292637935,-0.11498590133540727,0.101940384137475,-0.5968939874372399,-0.4873769874138559,-0.40208214483164423,0.694677537692864,0.44696531450767596,-0.19376003726819865,0.6251062522658553,0.6385433899985017,0.4958616905473344,-0.6753078071908208,-0.5038885980859299,0.4769940812305682,0.46570160607753663,0.3352088056758852,0.3663695425012256,-0.4656185044855349,-0.45770004090822236,0.4063390048704567,0.15542093751890135,0.7992076504249652,-0.6163738393126506,-0.6600076500382349,0.028047439453883678,0.4678332570396644,0.23504580047181686,0.6359411468211486,-0.5867968939655261,0.6135339031806929,-0.49531496285185234,-0.4607261686621207,-0.5632556738210666,-0.13697560636649855,0.3528113333146568,-0.4663156851200089,-0.5061913935127444,0.260628994263186,0.642425419755906,-0.2388512839115401,-0.4414033150496953,-0.49331279273547807,-0.46394697401779067,-0.5156758344759386,-0.4195046443893754,-0.6708836781953831,0.13239180509131554,-0.31560013519841124,-0.560036150127134,-0.4518821656906346,-0.6700212300594129,-0.7324025775028783,0.7003936430591174,0.5374345436502252,-0.22027795121222526,-0.4864828349626924,-0.6585357436232275,0.4647907770511179,-0.26454345191846473,-0.6496433206337684,-0.5231273831512223,-0.3403068046425737,-0.37252817187667886,-0.24081148230911262,0.6055786390155371,-0.44880503935497296,-0.35278533184347943,0.7179345743410331,0.49257043397117467,-0.5582838013496411,0.628287278665521,0.13310164903118454,-0.6446387280657847
BKNG,0.7895020851158445,0.7545000564865659,0.8736023546229479,0.2665258832993544,0.5006889733263604,0.5984911088900235,-0.7450337954631446,-0.04827119050155932,0.879869925006607,0.7771768884233092,0.5133079294468458,0.9038299564343882,0.36856105436978126,0.256559270407146,0.8760339968437884,-0.3011663222063479,-0.5736439753262302,1.0,0.6945193041819744,0.8770582313301507,0.8175531719769874,0.5314596213864691,0.8116322665717619,0.9070768438865657,0.8508501291169331,0.8499822056629803,0.5075745096320811,0.5031109453030175,0.2923619356234589,0.8719159242269842,0.8266307163821446,0.7583399243332732,-0.48683001656311514,-0.14251608271708122,0.48551116594182303,-0.39018964674801976,-0.7931533695316627,-0.6803062581206129,0.5910957452297478,0.8423169772503181,-0.04049285787915579,-0.0531776064726187,-0.3215602464275078,-0.558774885870058,0.8688873005097131,0.8687140294479078,-0.2946906254810673,0.3034387473716523,-0.7157543913717501,0.8579954425605841,0.9461884196079406,0.5781614584111864,-0.7511698041976627,-0.4304965102114883,-0.6887804173017521,0.8356993496949944,-0.6774370127348098,0.9059869972225061,0.8489371240855713,0.9532751783305184,0.4204260963451879,0.26852763526352735,0.8090455075485272,0.8858190419696723,0.38541741233378995,-0.818455830446685,0.6549460726470393,0.8202558962674341,0.8474160474166168,0.770638583661183,0.8706408593617828,0.7850353102399905,0.8105615266578272,0.4010204007251827,0.7474661965241586,0.8516088367566699,0.6003422686495797,0.9135897385763496,0.5800776846042023,-0.2722029115651767,-0.673296880839722,0.19036324538797733,0.6952518704835315,0.6072326785594443,-0.5063123070387114,0.1004003053854001,0.863682326286073,0.8494149541442721,0.18999320535370418,0.7232729164130417,0.7143931444104863,-0.4368087745437874,0.8453157048508675,0.8266942139780087,-0.7791344378900771,-0.45552884535399124,0.9053624281883275,-0.7425706237481801,-0.08927682951681225,0.7979360685859465
BKR,0.4707600331411301,0.6442948560904342,0.7721703934325214,-0.10586457396814654,0.7828901017422272,0.4804103548056974,-0.6936249078514211,0.013247048746933807,0.6765364190525075,0.3605338552849646,0.5433403556728739,0.6949172261736573,0.055127111415449036,-0.04375366737885746,0.6622856756154611,-0.4742785215720705,-0.5967634690980167,0.6945193041819744,1.0,0.5593989098915483,0.7932396970522752,0.8620956442437926,0.8167177726014452,0.6642801814806492,0.5548988159412896,0.47637787414083643,0.7036284858012813,0.5058341141515538,0.1716129232306809,0.5941370310746735,0.7846122906138453,0.5636929257412439,-0.5579438917680681,-0.38780276219533893,0.23735017620550278,-0.1415353605008921,-0.6142857106033924,-0.3815502465954002,0.7861839412704552,0.5159439927094785,-0.12209739426586089,-0.420471751052032,-0.3417382993929178,-0.4170877664145778,0.6632557656850718,0.6639193100288877,-0.24330408278253787,0.06290823540679687,-0.668229474050102,0.5561867043762819,0.7028951192330143,0.31624848457551386,-0.3775213519497822,-0.3429231792592829,-0.7557000646271513,0.6667801375946865,-0.4474519567671237,0.6605793953893134,0.4568322079295419,0.78105369857691,0.28787365280506716,-0.13597782504053466,0.3162978778996861,0.6397540268416769,0.07544442637962288,-0.579308862206292,0.6303140361591633,0.4951187572779415,0.5154756258647998,0.6428014001705776,0.6881378158494308,0.6907199143319356,0.9042963820945353,0.46637643707586335,0.47286961980328074,0.5608689427645289,0.7241556381863954,0.7411801606563814,0.4839504976279042,-0.40115805081454775,-0.4744833436970793,0.051611298916538165,0.3861785708452064,0.5713324907519545,-0.4923908604341921,0.397153766650367,0.6044066652637178,0.7283539442399368,-0.06034040186845093,0.6704238763483397,0.6356774578356503,-0.38280319545785346,0.6947907155579587,0.5448020147406998,-0.6771601893708729,-0.406022408283024,0.6388902806414809,-0.7486209288660799,0.019583310712454036,0.6333629233358292
CDNS,0.8984478309251489,0.6769386955316214,0.9194094564249701,0.26910714382583106,0.24972497427526524,0.5436768593144448,-0.7759963367818498,-0.19183000886477888,0.9117716071132573,0.8978264984446235,0.36005168320877434,0.9250078808411706,0.4620013241341415,0.3751073162384272,0.9345630450116368,-0.32596938453299534,-0.5800403209585958,0.8770582313301507,0.5593989098915483,1.0,0.8252761217469909,0.35142400497399734,0.6553618869260547,0.8801751571198592,0.9566745530972702,0.9220270369431327,0.4184382308186298,0.5420390436146414,0.34244688474653096,0.918093384517026,0.6755863822603094,0.811254147923026,-0.5644196788391648,-0.07871564265593532,0.6355978774214512,-0.5070978816711158,-0.8261886290295068,-0.6768074557467729,0.4874737467097549,0.9181594508352336,0.08485812084409126,0.07768367886726947,-0.28629860604208845,-0.6486046608067051,0.8928453467702646,0.8904312227770688,-0.28383476153765524,0.18087586219238838,-0.761041390296949,0.8828053270925079,0.9038377550519759,0.6383163775870668,-0.8611807279708794,-0.6458526624042261,-0.7291863892771697,0.8695588361860063,-0.7637953401715759,0.9146787633597118,0.8577179285714994,0.8468403640601156,0.44109092985797627,0.259323208795525,0.7935153490953594,0.9485051145766028,0.37664633120169777,-0.8876226160861225,0.7140349621413674,0.9529354402291675,0.8915989501976934,0.8406472926878858,0.9330293472364599,0.7218735528815097,0.695053713538379,0.30436915018050137,0.8145362021497907,0.9590917931626292,0.43055233290934986,0.8949114600227622,0.5507214152469744,-0.3113890047750971,-0.7471046171734288,0.20921598023328897,0.5743911094007128,0.5248086748629257,-0.5184903897223636,0.007969136930529315,0.9734728084673058,0.759353005304056,0.13312868820573073,0.7746520116309411,0.746772510440314,-0.486190650456248,0.8581002069305592,0.8478291021777146,-0.8251955110755119,-0.5631889671718691,0.8969821591665742,-0.7091996039660237,-0.2195487522397588,0.8529874972809723
