,AAPL,ABNB,ADBE,ADI,ADP,ADSK,AEP,ALGN,AMAT,AMD,AMGN,AMZN,ANSS,ASML,AVGO,AZN,BIIB,BKNG,BKR,CDNS,CEG,CHTR,CMCSA,COST,CPRT,CRWD,CSCO,CSGP,CSX,CTAS,CTSH,DDOG,DLTR,DXCM,EA,EBAY,ENPH,EXC,FANG,FAST,FTNT,GEHC,GFS,GILD,GOOG,GOOGL,HON,IDXX,ILMN,INTC,INTU,ISRG,JD,KDP,KHC,KLAC,LCID,LRCX,LULU,MAR,MCHP,MDLZ,MELI,META,MNST,MRNA,MRVL,MSFT,MU,NFLX,NVDA,NXPI,ODFL,ON,ORLY,PANW,PAYX,PCAR,PDD,PEP,PYPL,QCOM,REGN,ROST,SBUX,SIRI,SNPS,TEAM,TMUS,TSLA,TTD,TXN,VRSK,VRTX,WBA,WBD,WDAY,XEL,ZM,ZS
AAPL,1.0,0.6821388905406464,0.8136267659985477,0.39700956483795236,0.25732003420947475,0.4036247264538355,-0.608914315089162,-0.01086897376244586,0.8671466595347107,0.8751653751181645,0.14754161752877265,0.8694448734858269,0.5717995999105581,0.4944267304414485,0.8653840474158987,-0.05174322471666137,-0.3227376843550916,0.7501979172816321,0.4479182047673923,0.8809792598467368,0.6459757104597128,0.1584680908215487,0.6635290604009899,0.7145624672215116,0.9388603616911539,0.7195698806186174,0.36199040800631926,0.6952135299317421,0.530837544902832,0.7945506669997855,0.5635790047578909,0.8342230162128358,-0.2852674841077245,0.22896242061351502,0.7002495601155905,-0.36282446389531237,-0.6815880642702493,-0.47571620473138276,0.19477873084796146,0.8558179294140488,0.3485028623901953,0.19020303861480034,-0.30298431046998575,-0.5947303179768909,0.8358512176307051,0.8392618387252706,-0.027155468184634813,0.3291737536615946,-0.544745790821202,0.710590474542596,0.744240678857382,0.8601200198804974,-0.7623000159108961,-0.5938322582392856,-0.5692960259484708,0.7767803349664337,-0.6744291070725271,0.8779931164504253,0.7640577198626044,0.7344137361217432,0.5148704729769455,0.5475324555975611,0.6026335763519719,0.9151653111897879,0.6394053092023021,-0.7705382476133908,0.7991604203895263,0.9389479086092787,0.7314306177466062,0.8291066622063458,0.9101087974193618,0.7216574961501777,0.5531170860958795,0.45385950963313587,0.8834951749643882,0.8782648913547307,0.4449777295687287,0.7810434787895596,0.294334508548927,0.06293874849108447,-0.6118899944503169,0.09618800002346829,0.3177229807093958,0.37347685257316454,-0.4299609987268768,0.05251144655782796,0.828713189931979,0.5502300440255231,-0.022150032052564828,0.801693769627062,0.8241647824321214,-0.27535852094210744,0.8508356076783393,0.7700280344228386,-0.6487045309090284,-0.5689298759022519,0.8226819506680236,-0.5699651337915065,-0.20315032278290426,0.68253620552787
ABNB,0.6821388905406464,1.0,0.6674159222938713,0.49770683022392204,0.5268591904380326,0.5749034224913212,-0.44680277646993,0.25871128705692636,0.7036901171695418,0.5691545576794717,0.21713957068407774,0.6537115185870196,0.48234939891433537,0.258763285732528,0.6798231084382198,-0.25767995820518225,-0.42218216206366127,0.720232239449005,0.6386377713565825,0.6311355687070418,0.5246113052625753,0.4134293726064003,0.6472891750173406,0.6587067510138218,0.5966834983568895,0.5350713215510896,0.4882131621521037,0.5555141909598682,0.39399453516637595,0.5906205234658221,0.6736105657136096,0.6828541967236149,-0.23321939278662526,0.18996196265124565,0.34038974721883897,-0.04529020973824793,-0.4349030166955333,-0.32433598485438975,0.3129537326549951,0.6164411884881738,0.2653104776612382,0.033547564665269376,0.04893029875945858,-0.3834708875370292,0.569947603667365,0.5763966317570315,0.0297636487199597,0.48456349984536395,-0.3882384786872989,0.5619972313387676,0.6789092457645396,0.5373591437549872,-0.44013957347541965,-0.1714870550117986,-0.46185797079824215,0.5905503836271191,-0.3547042552389316,0.6921393764542959,0.545573561266453,0.7333132913254251,0.684083759820827,0.23253856204476644,0.4687124007941575,0.6677917773330843,0.34453022485578505,-0.5065648401233265,0.6932625070307427,0.5822010356825472,0.5154767808840045,0.6320061308822843,0.6875985605525694,0.8525750537373253,0.7328425293612719,0.6193609537601285,0.5274212719039781,0.6871569757517525,0.6525182991961497,0.7481464611441918,0.3922848461619053,-0.02346942299629771,-0.24934252929622489,0.28586773168907104,0.3516555955591305,0.42898337572201123,-0.4178852546758861,0.2513756029171911,0.590811471378715,0.6850234318192286,0.06449697603275785,0.8249270579337042,0.7301023811083283,-0.0363175190485889,0.5995335063587143,0.5025006489282874,-0.4604416093071411,-0.19645419857288313,0.7517366081301237,-0.5410323017838203,0.2459383270431853,0.5982114012813692
ADBE,0.8136267659985477,0.6674159222938713,1.0,0.04016907923854138,0.5543889229076675,0.5608743527928635,-0.8090068208663103,-0.30812302417808995,0.9295290311713047,0.778884504640091,0.5906965621564609,0.956615196281271,0.23396759910056236,0.24417435429521836,0.9405464261909756,-0.4374851878692038,-0.7017023384547021,0.8715847146755471,0.7553817263499054,0.9277077067363089,0.9451797734513059,0.5574012552889646,0.7836455675037792,0.882861077196191,0.8997783342668297,0.843189129651506,0.5158030801340331,0.648231881904166,0.39307524462932847,0.9036095524758205,0.7874831278517377,0.8179025491727089,-0.626886900139589,-0.1732887444083188,0.6239550075632562,-0.49216773514613876,-0.8444078230004485,-0.6278049209498433,0.6365613617910716,0.8574625591513236,-0.14272848448522615,-0.3020989354311713,-0.5050591473026936,-0.5056361936760738,0.907641770082189,0.9044499101705803,-0.16809425699245834,0.13044698698192983,-0.852925427088552,0.8726165633230578,0.9225525675897362,0.6121844308387353,-0.7200477710362164,-0.5759150090061137,-0.7690606057536951,0.93139240759227,-0.7987066711566395,0.924892958984232,0.8056825210022228,0.8921581560250217,0.3747456224969966,0.12560483287285434,0.6628200988521965,0.9255355698125554,0.2894440942191054,-0.8451768246445881,0.7519161178507514,0.8866989969598246,0.8387793304096363,0.8928708681335475,0.9396346950227221,0.7747247713128478,0.8110488882420465,0.2560848046697646,0.7493554233249441,0.9029684627019978,0.6652705762696143,0.9339040725424442,0.6566696718048144,-0.426472198615439,-0.7321481661460615,0.21081969794726332,0.541519299641104,0.7110432265915735,-0.5873256769839867,0.34602544425671933,0.9473597157901616,0.7751907382632994,0.16691279884471097,0.7759448957392262,0.7144159162527168,-0.53767782195153,0.8906699474493017,0.7974290078264711,-0.8662541935161043,-0.7177052264878652,0.8989848402046196,-0.7739583453322288,-0.1799996679790813,0.8778003370917398
ADI,0.39700956483795236,0.49770683022392204,0.04016907923854138,1.0,-0.11162876700327826,0.36846561023981594,0.27065632445302207,0.4743931539230662,0.24736146981796145,0.4067843770399083,-0.276583930571138,0.11577137850489118,0.6927945813841989,0.6403148446793733,0.22161789841005408,0.2535386465321586,0.1725516050884324,0.21525237136396827,-0.1568936039640701,0.204033676472608,-0.173944592230012,-0.3622772703366619,-0.009039627182846127,0.1932890673777535,0.1864252289585671,0.18272227372663474,-0.10317062203087375,0.2843253556185616,0.4775113322172819,0.19349049783064762,0.14957872923401852,0.3552164015305974,0.4943054328853588,0.7599985368973718,0.2659986453627415,0.22482275179480493,0.2277120470548436,-0.02311814132731992,-0.3627022252933339,0.3070492389355691,0.57587945412877,0.7094908171663766,0.5975985707616982,0.044218194751877014,0.009614148732684978,0.017641520078462175,0.4376885207687936,0.7654565687534727,0.30635195383331165,0.2033313231839104,0.16380471106899355,0.4183446015055479,-0.037472977871691016,0.2593627972961625,0.2757383124541201,0.14197223547727955,0.10856135013144545,0.25958564114523597,0.2569258388829951,0.16826598707000898,0.8007094201395875,0.46669849600153945,0.2738442882531019,0.15500300682869647,0.4247905630570362,0.06608970275375037,0.29984271668814166,0.20945539157327175,0.1755616108049435,0.22926615670775197,0.13605478372745325,0.4796424935517239,0.012090826211836575,0.3758662131729134,0.19185040460610026,0.25820180604014614,0.17339339472555843,0.19339338510585566,-0.01007733064141504,0.4588877727592907,0.2834911554984258,0.4723232857653384,0.028038827709683786,0.03592066737908083,0.13754570524831747,2.5188071977173618e-05,0.09661901506563056,0.1739519396732775,0.16948795750604198,0.3310384136533079,0.21945768325225828,0.5811264561934771,0.00041057017444277454,0.11107013243312572,0.2632757347659033,0.3649707929326675,0.3169342880336089,0.20388736577031372,0.4552167252695101,0.14125619037667672
ADP,0.25732003420947475,0.5268591904380326,0.5543889229076675,-0.11162876700327826,1.0,0.3828750383713717,-0.5046309097305073,0.12873915616504542,0.5057248017341432,0.16816687619221982,0.5428177456299309,0.4801800297802689,-0.06463667551267362,-0.12358350088071834,0.43982952395394703,-0.2513721264829621,-0.39356113506092427,0.5588520730350818,0.8120496173087264,0.3137222158030794,0.5750467703436725,0.8213110229162209,0.7836655539038876,0.45230722751333446,0.31665182404858444,0.26134547064057967,0.6606542628637075,0.4152439364639592,0.1258113697665074,0.3738369829048756,0.6711723106972488,0.38546230458113945,-0.3791462017740441,-0.3587529700247399,0.11832031414525106,-0.0033043353408810654,-0.38482075563982526,-0.20141934244090776,0.6153961868774158,0.26523280202876487,-0.22066004283382476,-0.5544010424970361,-0.321670547829018,-0.2467884405390228,0.5155285990528238,0.5178652117060113,-0.15922093077739455,0.1634464891742221,-0.4279813683163428,0.369192119578159,0.540195088227563,0.21311898064438764,-0.12803576524217994,-0.10486304365768558,-0.529456377626256,0.4938909139012381,-0.2855591080173655,0.4975246148132305,0.26352533405693584,0.6209550889079087,0.20526456421364037,-0.13553560319856414,0.14761833380995665,0.41169795018409944,0.03195193141314623,-0.29737510627162306,0.47198968068365776,0.23688754409996762,0.317333093972341,0.39159286330630066,0.4829206571425673,0.5890642199353615,0.7739158768578384,0.4768229796536894,0.2556627068454276,0.3178614553462912,0.81478186936667,0.5117146815017857,0.35858922743374716,-0.27087009755504365,-0.2682279768535097,-0.0051717244503473574,0.3385721598215127,0.47022651802111304,-0.3991192676406372,0.45853946921984173,0.36983423082471173,0.5643148433527699,-0.06157098520842805,0.47204594259489346,0.48120581387010436,-0.18339228894258852,0.5440117991640802,0.3274458137871293,-0.45652893965805746,-0.288661241223504,0.46238781232062864,-0.5932983554998266,0.11478357851656368,0.40480772126701137
ADSK,0.4036247264538355,0.5749034224913212,0.5608743527928635,0.36846561023981594,0.3828750383713717,1.0,-0.26344540687491014,-0.10989301962813802,0.6119256045572564,0.5637414385117153,0.47703953464823157,0.5515316711494666,0.20355483076446287,0.4945617212399556,0.6230744748709091,-0.3606670126433097,-0.34972720238238975,0.6064658906592503,0.4393961329360093,0.526083168170309,0.5297044128322455,0.31245433577468,0.4320983220751574,0.7321647499696937,0.4124581714599141,0.6438648766104088,0.14894627809454755,0.5684356380299903,0.561752807721025,0.6460272367283199,0.7903747944881021,0.684193718712943,-0.16135671194511403,0.1435199659642607,0.3614431748624498,0.10573962731781056,-0.25547057458827865,-0.5547721725701075,0.3880769074869606,0.6095774323021375,-0.15961036934469405,-0.12516584848078371,-0.013272065225165674,0.07307873011825883,0.4305132374392955,0.42682136297074463,0.34412794237047317,0.5430603900391223,-0.3819417918209864,0.6670523265745298,0.6803715254386116,0.3460428891473871,-0.1561690019986639,-0.06056740452582686,-0.14817149926034673,0.669270315838755,-0.2223024013787981,0.6251366479792613,0.5871134624075645,0.6806566128075977,0.6347869676734126,-0.05331097708431508,0.5596928149260936,0.43608367044667834,0.13538538964064994,-0.23675283371913858,0.49663069259640263,0.44512060701883893,0.6672565957580076,0.6352422455733058,0.4470684121694979,0.7539635092898832,0.5080003895762861,0.17844538464369414,0.23420191088671125,0.5661940078431146,0.6241371061781582,0.6565758010882959,0.7373113359845276,-0.38679098596240824,-0.12738260361016085,0.6992306447460989,0.4470929281513793,0.7642900385975865,-0.27041190656954817,0.5220660142000183,0.5584572242894245,0.7902708028180865,0.4647745407795398,0.4959632992488073,0.23980014762918136,0.013672808408031043,0.34331462174889626,0.492425295114846,-0.28435199433005276,-0.15386934751835368,0.6956152488936601,-0.2769172630554606,0.5041098300215848,0.7729983877462439
AEP,-0.608914315089162,-0.44680277646993,-0.8090068208663103,0.27065632445302207,-0.5046309097305073,-0.26344540687491014,1.0,0.28955138920987533,-0.7622492341183396,-0.5610087732932628,-0.45116043413895807,-0.7658550779139353,-0.04752377591700633,0.1245869609484883,-0.7265854056107125,0.41806057942376984,0.6375785156395675,-0.6922155214086272,-0.6849324342059462,-0.746042961890435,-0.838273621594927,-0.6047655217910954,-0.7030955324714366,-0.6204198195839127,-0.755089219973803,-0.631148521103595,-0.6191449272697903,-0.36668928784762594,-0.023789013555223514,-0.6295771433318472,-0.5630954534795365,-0.552162115766481,0.8191559919163298,0.5153965372345988,-0.23562897098789473,0.6013079927859108,0.8662676924041248,0.6840361256634181,-0.5832942203435897,-0.607643596322897,0.18940028616487026,0.48172105878218135,0.5877817798013188,0.710300889313392,-0.8456762759428081,-0.8449140019266076,0.5610869981249906,0.2963476617013791,0.8267906630609932,-0.5734401418244266,-0.7009401364878496,-0.3544607445612587,0.7481840563220166,0.7337223702661179,0.9208196922000516,-0.6974076582290893,0.7559449076333234,-0.7209560013581601,-0.5134102488726237,-0.6873533252569074,-0.021555142328146797,0.05872152127829966,-0.41937326219244603,-0.802126468722969,-0.1172339840059229,0.8525126914424656,-0.6015894525854566,-0.6926746779045159,-0.612931172459676,-0.6047690356835964,-0.8245666048546906,-0.49922834650745457,-0.7176125090405294,-0.31227477931211195,-0.5949017788938885,-0.7139563457139783,-0.3772691380572734,-0.6965963432133813,-0.4279264957481708,0.5122527478899334,0.8835370977205536,0.21781509232074983,-0.4513480918120083,-0.39405002968291375,0.7674772480518012,-0.014840406883539098,-0.7814960439642195,-0.633233572265356,0.18265100105387172,-0.6730522166372416,-0.6805203090585488,0.7129900285362901,-0.8377366180882022,-0.5938611768514898,0.9127996858373011,0.7786820030929841,-0.6390611720201721,0.9563039760883575,0.3705054586495308,-0.6654859876080711
ALGN,-0.01086897376244586,0.25871128705692636,-0.30812302417808995,0.4743931539230662,0.12873915616504542,-0.10989301962813802,0.28955138920987533,1.0,-0.14141281753448795,-0.1723094412256967,-0.5125259887459761,-0.24878332736783773,0.4579859099459552,0.07942048326569025,-0.24913391899847268,0.4526813209169754,0.49764625604363016,-0.16769453640081003,-0.031536560641854394,-0.32184834524516603,-0.47515789366688704,-0.10341266699857059,0.050100723607777675,-0.3451846735521304,-0.23998028880632746,-0.4736122449082253,0.264051418451447,-0.02094089258170627,-0.0401358420377562,-0.4060346752657989,-0.13614695266613472,-0.18158215655446314,0.46337307319520976,0.38134723187214437,-0.34195677417639053,0.4967300515657268,0.4482272533568235,0.39140873596553066,-0.4162274805675863,-0.2784226479751777,0.6603210028753085,0.43240603171168496,0.5464890827797716,0.00017624081155830461,-0.20262392590882966,-0.1871777477388719,0.0856868696147223,0.35923232785962367,0.634018366062597,-0.414063076201416,-0.29831110396067867,0.10401541760343486,0.26027534013516673,0.3706990214560127,0.13461249264583453,-0.35787111323887555,0.4790030114163195,-0.16605165111078063,-0.35770413872923773,-0.18106376399888738,0.31559173196925283,0.2491530645020381,-0.36638432124958237,-0.18614724892090379,0.26263835017742215,0.36851179990609434,0.12801891557205786,-0.2837881231014512,-0.4129811188385495,-0.21683107916977992,-0.13327312186304913,0.10470406057654547,0.0075836777115686526,0.699979259213663,-0.14820976657866936,-0.25389779250971667,-0.0033885795995160905,-0.27662968613165684,-0.58099117592898,0.6389284963211554,0.4611072202467408,-0.18896388708587897,-0.21613722333507573,-0.49067455801386056,0.12313414785145343,-0.27523832003426096,-0.4287328385172295,-0.09860455910645483,-0.485038275209131,0.1776354136070303,0.22457521658045063,0.6724356638120575,-0.15974054263548232,-0.2901580220579069,0.4462286095128266,0.5454756794688466,-0.1444032911722559,0.12289009203620511,0.3721744459390167,-0.4335842095404725
AMAT,0.8671466595347107,0.7036901171695418,0.9295290311713047,0.24736146981796145,0.5057248017341432,0.6119256045572564,-0.7622492341183396,-0.14141281753448795,1.0,0.8769991869472261,0.41960197988681314,0.9471378998925758,0.39751435395578916,0.44034632290715925,0.960505758577342,-0.3269218121066209,-0.5584414959733074,0.8654495630669088,0.6604909568408986,0.9052235731335423,0.8406150556107344,0.4194353342674229,0.7710941117210148,0.8530510533683768,0.8996424807599145,0.817731198207679,0.5146091571989208,0.7137052644711224,0.48768838750661886,0.8742009611057382,0.7869070027735247,0.8821013840687707,-0.47415519083593183,0.0028543078723449722,0.5758808540574551,-0.4143838760603858,-0.7492495255665387,-0.6862042965711564,0.4407909906806943,0.8689586950122564,0.02089352188597152,-0.1358558474932077,-0.37648848493647896,-0.5676862415628108,0.8922503451329264,0.8922535381092991,-0.08716912326144544,0.27808260420226555,-0.7060457174388168,0.8302408339691182,0.8774370057764131,0.6966881878517356,-0.6802492970040361,-0.5332666721748123,-0.6883177795991179,0.9478483190723955,-0.7222173957743324,0.979254716743079,0.7700334296938878,0.8801516924500216,0.5283401954476584,0.25920420087858725,0.6580163809680224,0.9148333382361847,0.45530064616366234,-0.7789866346339896,0.8552004575186871,0.8823667228275617,0.8424141770509361,0.9046469402794142,0.9437026401072545,0.8561941487959366,0.7454912860235654,0.4132238842833239,0.7373960272007648,0.9020762709417588,0.6402226718101474,0.8901504493286253,0.5727764085848502,-0.27600731982499277,-0.676022055431188,0.23989328013631897,0.45952211071134963,0.634802396886543,-0.6072273737326083,0.264047547615948,0.908157494695974,0.7880977785990338,0.06565114309927818,0.8251480704253037,0.7588258581883833,-0.3521031358663408,0.8738486951847821,0.7703905342715872,-0.7606313596326268,-0.6091826052161843,0.9199261876358069,-0.7606943069026528,-0.06566781000898236,0.8626867277203514
AMD,0.8751653751181645,0.5691545576794717,0.778884504640091,0.4067843770399083,0.16816687619221982,0.5637414385117153,-0.5610087732932628,-0.1723094412256967,0.8769991869472261,1.0,0.2908839246141664,0.8609724451033665,0.5765117957240761,0.6234330820081438,0.9040038344296996,-0.0988112541481736,-0.3360074144995484,0.7771105323849975,0.31529098286341023,0.8820070902863387,0.6566474827385118,0.040204479894829115,0.5401950362799725,0.8092175371988086,0.8762366166214685,0.8545432196473601,0.24043545664951052,0.6317649894933103,0.5832950830347011,0.8596442584400718,0.6159984511490365,0.85755281372295,-0.26696711609419826,0.26974581422424726,0.67954043138289,-0.39944404475389383,-0.6183990084926675,-0.6919332454819695,0.19557550072474078,0.871739545169692,0.17512549422681614,0.18496109644640477,-0.2557116767160821,-0.4103001465579968,0.805462671429677,0.8055834606158981,0.05831821689179312,0.373939224613644,-0.5344890997247558,0.8172481341311317,0.775722892878452,0.7744700860374301,-0.7089892200575817,-0.5297225899078115,-0.4247567718961259,0.8480998393196468,-0.6891853128384469,0.899864510525339,0.8156508714702113,0.7535604081835168,0.5232037012971895,0.46170904367230226,0.7177837065942433,0.8640990363538037,0.578443307513414,-0.6899068673489298,0.7793722432487411,0.9097352984913715,0.8627841718962622,0.8436339570796402,0.8495447007957946,0.7200554790274797,0.4385621839684315,0.27482352137596866,0.7182346946225207,0.8813408096067212,0.4098680829984444,0.7748999060691908,0.4910483249197828,-0.11290819404119509,-0.6117671189433717,0.31682813212435273,0.4443414998238173,0.5095384839756554,-0.5015521996703591,0.13029839667704135,0.849475609174599,0.6868495595556007,0.1848322920246725,0.6874313985077569,0.6412218148383171,-0.2264431526006407,0.7479665394078063,0.7938907103418569,-0.5854836119190232,-0.5293244735838166,0.8597089018113794,-0.4995429234612502,-0.1075686349522446,0.8070182671741692
AMGN,0.14754161752877265,0.21713957068407774,0.5906965621564609,-0.276583930571138,0.5428177456299309,0.47703953464823157,-0.45116043413895807,-0.5125259887459761,0.41960197988681314,0.2908839246141664,1.0,0.5062675562827229,-0.19108067735272316,-0.17333110608545316,0.5093525121616559,-0.4203527492406164,-0.623167073822411,0.64914956407102,0.5334401127344698,0.47936887140001805,0.7208724782656886,0.6015347045253983,0.48085870868621156,0.7038499452664779,0.3528649784274631,0.6473065962871322,0.2529983017221285,0.14439670827283066,0.13171237332736274,0.6326157756488716,0.6185919624698201,0.31106128502585034,-0.5349296418219704,-0.4863235869858078,0.3281633353644441,-0.39882075639007286,-0.5488662515215688,-0.5210241354995638,0.8304670619045011,0.468945015813697,-0.6661660758034452,-0.5655031447442989,-0.4886758867192132,0.10273762452365592,0.5026582550010359,0.4918143970316514,-0.15285405832166388,-0.018027806069472144,-0.6992546730780183,0.6986873794727952,0.7105792365512339,0.04928950590083156,-0.36235899586933706,-0.1973614894625249,-0.37761647173222357,0.566639955210607,-0.5780874901002604,0.4661567852004549,0.6161774482712371,0.6400382921807087,-0.04824252671015985,-0.2840841057116873,0.5276311263370587,0.443074432032301,-0.22615020949222805,-0.4300275941576805,0.12095008164366469,0.35743706760998745,0.5984621411655379,0.3888713959857058,0.40605702627652496,0.35032656204672563,0.5757915046313778,-0.2371355943112335,0.22114638126485867,0.4605177740551552,0.4871194039720256,0.6077087689301464,0.7902887624534899,-0.694384028283476,-0.46238889034685926,0.2883478584249363,0.7538088312634597,0.7726561414018266,-0.39702226583646466,0.4967394618811715,0.5336600013173881,0.6426972306984964,0.6078175547248955,0.15509636026941628,0.08581425453459929,-0.5418536950286915,0.42437407289905493,0.5919003313319303,-0.5774829111954245,-0.5013422714867726,0.5124163677680323,-0.3813918174382732,-0.1366504666335544,0.6241885709242838
AMZN,0.8694448734858269,0.6537115185870196,0.956615196281271,0.11577137850489118,0.4801800297802689,0.5515316711494666,-0.7658550779139353,-0.24878332736783773,0.9471378998925758,0.8609724451033665,0.5062675562827229,1.0,0.32418109640755066,0.3616080568729676,0.9540549972722138,-0.2852295045929991,-0.5592773307000298,0.8988361152406573,0.6718627814469794,0.9218351660317468,0.896362956355819,0.4410988744217481,0.810234751456561,0.8853996318444801,0.9398817997663611,0.8469938584653354,0.46551754641249216,0.7101394017336794,0.4842334310880386,0.9203652232283996,0.7991419929786338,0.871536432062522,-0.5066425604155552,-0.04158016214560342,0.6489166353354987,-0.4510981528025668,-0.832270379710249,-0.6591530893335498,0.5089572375879451,0.8794446844999937,-0.048405610216237585,-0.18535111985948696,-0.5313135290080326,-0.5187713844139173,0.9385551429573445,0.9372426439182026,-0.0921523239313093,0.2053712737981769,-0.782197674322328,0.8712844362813091,0.9056396438604695,0.7390625065682674,-0.7422714481857352,-0.5857429352124279,-0.6903184457505792,0.9385262983056727,-0.7899913211453786,0.9642802514577302,0.8436721936024,0.9080290007491223,0.3677487188547949,0.32672108943918987,0.7114204614298059,0.9506580520600039,0.49158415403773886,-0.8376672485370417,0.799691197303812,0.9347865059761121,0.8745494896960374,0.9199739318508481,0.9538738529228918,0.7678398396601697,0.7240654297308591,0.30218830869367175,0.8230267156864676,0.9025581398668945,0.6038262250484255,0.9090427009236759,0.5787732733504066,-0.26510242925308436,-0.7520354318299234,0.16391173308330453,0.5043950283852813,0.6613659161648409,-0.5655296309610849,0.2710209925224211,0.9273466791356952,0.7709741464214293,0.1383656245556649,0.7686669311932492,0.7487592099301885,-0.48561896103054103,0.9230399592083732,0.8519798572362284,-0.8233218066205796,-0.7038806972328789,0.9180255605673794,-0.7342635077648558,-0.1950145560607558,0.8613409023442343
ANSS,0.5717995999105581,0.48234939891433537,0.23396759910056236,0.6927945813841989,-0.06463667551267362,0.20355483076446287,-0.04752377591700633,0.4579859099459552,0.39751435395578916,0.5765117957240761,-0.19108067735272316,0.32418109640755066,1.0,0.4772197576236294,0.40578835711568456,0.30275556026679895,0.12870943064531687,0.3466681602299504,-0.001667554854203895,0.41130111456328133,0.004026590765469192,-0.27592054183816106,0.16019758037157397,0.26564509794818897,0.419465478298393,0.2886673333494078,0.2204652636677876,0.29776947791862574,0.35745231959006724,0.34216139931086775,0.11078642221159946,0.3825333817594291,0.1693253770924819,0.549924476642954,0.35239529032369726,-0.02163584406418911,-0.039803692886722315,-0.14004858804736411,-0.233962305897013,0.3849415443212532,0.7002044169851843,0.674396645353063,0.3541964977172741,-0.23937840178820438,0.3216268776138427,0.3301448422524534,0.17286822139439698,0.4775079477724686,0.12493082467426748,0.3052260377550547,0.28183369602291725,0.5989437918913325,-0.3775954775334177,-0.11292929896834886,-0.07623549890801985,0.23077330047527175,-0.22146060465410614,0.3957525242601919,0.33815292147611153,0.25373466996123245,0.5247697073336897,0.5418252931230113,0.2659238524723977,0.433920068905605,0.5585185233277588,-0.1800355134457055,0.5010235952995099,0.44345662039949424,0.31065174873139334,0.33731255489106293,0.4335537362960831,0.4180782534463257,0.1482860951031733,0.47562506969520685,0.3773118411744096,0.44109543800777895,0.018212130059218855,0.27459002065411514,-0.09869814988408948,0.4241297867202649,-0.04063326104399459,0.13834248207169592,0.18189781259135918,-0.0782251765724805,-0.19940003385233843,-0.16716702134273495,0.2490385880802473,0.3008506749298821,-0.06267558796282005,0.504348443040875,0.509524009156147,0.356424006484179,0.3154114126969695,0.3685739761380247,-0.03867012002943333,-0.013272446004885054,0.43059044467056407,-0.08305412034237306,0.06095864926581201,0.19085985300610364
ASML,0.4944267304414485,0.258763285732528,0.24417435429521836,0.6403148446793733,-0.12358350088071834,0.4945617212399556,0.1245869609484883,0.07942048326569025,0.44034632290715925,0.6234330820081438,-0.17333110608545316,0.3616080568729676,0.4772197576236294,1.0,0.4297654510636447,0.16251024717220544,0.1839728286746876,0.22088918198271712,-0.09145283333086185,0.3305640211019584,0.06912438977224798,-0.36382197352317613,0.11015988058231913,0.3378480170766517,0.3630810504222561,0.33111035661992666,-0.19547745330367314,0.6313881632677965,0.7240648813909719,0.39243485303312087,0.3188857409515905,0.6016151905205748,0.40892949468429457,0.7421356054006372,0.5681555779011803,0.21440640404178,0.06931418622981207,-0.21848837035875407,-0.28689777737021543,0.44829934032709945,0.3612673692730204,0.5034956289220157,0.1863004127769302,0.030761829177967274,0.19586198091713003,0.1970403807057627,0.6260636273364488,0.7051539943350686,0.09107372547885717,0.3715280738621215,0.23146289007647533,0.6138968762544745,0.005868682595573365,-0.02728634479669509,0.21711437271983616,0.47292277737351585,-0.028790513451832242,0.46621327777434807,0.38296836052079525,0.27287735191550394,0.6797681517585696,0.48273845837095103,0.32046008711526075,0.2663513952365095,0.5778986515261186,-0.004190277515157518,0.5489686270727342,0.4226253037897569,0.430524060850818,0.5784328862663083,0.29167275576016394,0.505421424935683,-0.06451077280549952,0.16995913592653955,0.2938636772892896,0.3546396348513323,0.2952015246092833,0.2861304045484433,0.1507375137529301,0.2694413240869351,0.09150976341477284,0.572542042580834,-0.10719750063738925,0.29133417852260957,0.10152715409956098,0.2709341885195134,0.31203207401395894,0.2321873059224809,0.15038587571388046,0.30360151466139434,0.19306514563201568,0.41618369153950724,0.15639354722158597,0.30354539824102034,0.13021398172829488,0.07630993113351923,0.42472741009300835,0.1320397251382886,0.3236977734700106,0.38693853514533844
AVGO,0.8653840474158987,0.6798231084382198,0.9405464261909756,0.22161789841005408,0.43982952395394703,0.6230744748709091,-0.7265854056107125,-0.24913391899847268,0.960505758577342,0.9040038344296996,0.5093525121616559,0.9540549972722138,0.40578835711568456,0.4297654510636447,1.0,-0.3217099722048686,-0.5697780761605893,0.8845806028899141,0.6289066799496016,0.9390012375054309,0.8649889222521722,0.3687256242570388,0.7287937877985238,0.922066266610777,0.9145876110009393,0.8924480817412678,0.42123632909591274,0.7063415132995012,0.5514281557513663,0.939731736121716,0.777331193255843,0.8882758882588199,-0.47799487165681825,0.02426762286769839,0.6833810755744302,-0.44959254245409436,-0.7596164481258556,-0.717156363227275,0.49371457712470473,0.9222958540168715,-0.0020269914889540744,-0.09749344838771505,-0.40826229473016035,-0.468781552126344,0.8873681398766704,0.8855037785734203,-0.014475796954493613,0.2855320431124275,-0.7517625222811646,0.8919285166403471,0.9073976250903949,0.7223740006638557,-0.7306125839830838,-0.5840405103712458,-0.6412804071306603,0.9516176419853297,-0.7933911220885922,0.9646903762670286,0.8574506191959542,0.8962721842530997,0.49571118690099986,0.2538710484872008,0.6854546083527986,0.9375729214306157,0.4181384528499998,-0.8016624859411876,0.8204216028051861,0.9174940935813473,0.891081920401503,0.9157749139288912,0.9422684254837189,0.8263007906798833,0.7000830285278665,0.30018157558067127,0.7523495101068588,0.9440066205187817,0.6098804971874685,0.9300640020452641,0.6417385561424452,-0.32127209319087274,-0.6946657970269068,0.2915352472078324,0.5086277183061007,0.686764487799571,-0.6064359239546008,0.3309934858200625,0.9382018455468454,0.8099059455543729,0.19865102810605934,0.778667795657536,0.7149082211174086,-0.40227758865625146,0.8636223230002479,0.8656128752600899,-0.7636867474603848,-0.6651413238870979,0.9249123456440277,-0.6880784406635111,-0.15681917699968265,0.9068442085359931
AZN,-0.05174322471666137,-0.25767995820518225,-0.4374851878692038,0.2535386465321586,-0.2513721264829621,-0.3606670126433097,0.41806057942376984,0.4526813209169754,-0.3269218121066209,-0.0988112541481736,-0.4203527492406164,-0.2852295045929991,0.30275556026679895,0.16251024717220544,-0.3217099722048686,1.0,0.7874914355214742,-0.2826995041062444,-0.4741382602718602,-0.3204567812295609,-0.5204221530709183,-0.5001989163351841,-0.14340938694901156,-0.38921633172977094,-0.18496485641301186,-0.37313792483302677,-0.18385944970826987,-0.08388059883939118,0.08128258620269052,-0.3145950082367619,-0.40121813345891005,-0.24882204580285583,0.5172507433423765,0.40789258754731395,-0.012933610468989332,0.28102206785681444,0.3744331803924414,0.38079135837218314,-0.5273614833911218,-0.3075018205189489,0.5173635142099094,0.5149076711411493,0.1624614509668407,0.1874488221127801,-0.1945919227031725,-0.18562282200069427,0.17927106841483673,0.1343004332395249,0.5854062778022456,-0.3262240830948809,-0.3875197246995393,0.22620021480420993,0.1503699499988445,0.15953766199903088,0.4431428175413208,-0.3767438815584663,0.22751305836291547,-0.256189554920769,-0.16567276873260395,-0.3448169481890991,-0.17625450798946582,0.5753073012331957,-0.24738813193794715,-0.2267749662715441,0.44750427597433434,0.36047020738921864,-0.11709861396282474,-0.17138758804803578,-0.24829580427557868,-0.302148480382405,-0.24299404622005555,-0.338190704439335,-0.5107913636827099,0.1714286935186176,0.015514980618422365,-0.3200255111409173,-0.374529194721993,-0.4678114588866326,-0.6268552775655143,0.7567120884054406,0.24359071139167962,-0.3219353218925951,-0.19592496082401284,-0.5431681418333417,0.3359814942411639,-0.40452009907582187,-0.41583155074502326,-0.38495229001900566,-0.2807926732164709,-0.2561915079025229,-0.014955798843645975,0.39456530744586343,-0.16152115958342286,-0.10408175507146687,0.4664172297359675,0.24015197636974916,-0.3040035579493544,0.4512530259079453,-0.09970152432843585,-0.4820266461077593
BIIB,-0.3227376843550916,-0.42218216206366127,-0.7017023384547021,0.1725516050884324,-0.39356113506092427,-0.34972720238238975,0.6375785156395675,0.49764625604363016,-0.5584414959733074,-0.3360074144995484,-0.623167073822411,-0.5592773307000298,0.12870943064531687,0.1839728286746876,-0.5697780761605893,0.7874914355214742,1.0,-0.5973807676170407,-0.6001781789287817,-0.6177523074486878,-0.7566444301382542,-0.5481162251425059,-0.3531291826308543,-0.6139404035291126,-0.48570034522543865,-0.6359238397600454,-0.35512707194825904,-0.12260494322624663,0.0633565284011448,-0.5903634711413942,-0.5027609036672268,-0.4160364211546053,0.6900208069101148,0.42202213389725624,-0.20831424771436183,0.6315468677350671,0.6657874288225877,0.5040913184642382,-0.6816368134410125,-0.530108201900512,0.4992818532447188,0.49946200636520455,0.35139159748055726,0.3412754026339106,-0.4885424703290243,-0.4807393874902966,0.39466209139507813,0.13119722970433814,0.8019403635515236,-0.6077552971563612,-0.6657828897156769,0.009260231993547183,0.5059600334627863,0.24244474031700086,0.6400407028521411,-0.5938904742364156,0.6151529814301944,-0.517463808212145,-0.46314565931914015,-0.5806953385794023,-0.14723424568033713,0.34082527012701747,-0.5098080590844378,-0.5349358666359643,0.24649953216880996,0.662829946679107,-0.255619987086196,-0.46658607813169767,-0.5038618135199805,-0.47958630335537367,-0.543030974887887,-0.43924691457755444,-0.6984365790909038,0.1537473175068036,-0.32262702387013037,-0.5837910163729977,-0.4567807578935618,-0.6844449241893156,-0.7085885889365325,0.7036368724967492,0.5469692924943752,-0.2371055416582423,-0.48629802072557926,-0.6469554365579093,0.47276840033942985,-0.29403813760804054,-0.6731974279178093,-0.5443831381838873,-0.3462777349717019,-0.39930185262272844,-0.2468389514406225,0.6052666580501268,-0.4631899281602915,-0.36707262230573334,0.7327483268233782,0.51381327135204,-0.5706215962429312,0.6410620825809404,0.13535174765965347,-0.6405324477894214
BKNG,0.7501979172816321,0.720232239449005,0.8715847146755471,0.21525237136396827,0.5588520730350818,0.6064658906592503,-0.6922155214086272,-0.16769453640081003,0.8654495630669088,0.7771105323849975,0.64914956407102,0.8988361152406573,0.3466681602299504,0.22088918198271712,0.8845806028899141,-0.2826995041062444,-0.5973807676170407,1.0,0.6591211086656908,0.8640178440588157,0.8351394987061173,0.4815945335575704,0.7864091888528888,0.9125143853087236,0.8308149149656696,0.8621609714133747,0.44832238942968494,0.5240755298473723,0.38295504794943314,0.8926961394752829,0.8300687748445804,0.7689839298933516,-0.46285075044149443,-0.08139358197242476,0.5359752711884566,-0.43952843424473753,-0.7695957416319253,-0.6949594372170308,0.5989524813661828,0.8386419248430111,-0.14806275381211895,-0.1683906108710283,-0.4272463266030788,-0.38626100088736476,0.8592572882623115,0.8581952981997707,-0.14887642346175758,0.3099930723023345,-0.7317678064861731,0.8765706037466793,0.9543342252787356,0.6021628044038102,-0.7283398544680114,-0.3854358899961215,-0.5951111435369214,0.8497297889854111,-0.7473799693753773,0.9036148570557292,0.8695225660633624,0.953818230987758,0.37646224988673,0.26804538656098126,0.8034150370827724,0.8784476752812025,0.3821255856898653,-0.7781209684580923,0.6382537008139726,0.812611285476912,0.8522573758905198,0.7726300833410866,0.8595592578632083,0.7697949863230973,0.7767439790870886,0.2799196754713681,0.7211760542248331,0.8491122292771994,0.6319162498366142,0.9155982507011682,0.6591871462135505,-0.3013683779532523,-0.666523334100646,0.23731727318556184,0.7164895854461799,0.7070786341690953,-0.5487252372566419,0.27230656259171504,0.8499377508640665,0.8497178469795446,0.31987078244010203,0.6715660958956041,0.6397550232414945,-0.44220550541488823,0.8268451804283926,0.8315542598486048,-0.7598475657769391,-0.5793485859035804,0.9107624956753507,-0.6845743866157111,-0.10886532707139278,0.8193264878642805
BKR,0.4479182047673923,0.6386377713565825,0.7553817263499054,-0.1568936039640701,0.8120496173087264,0.4393961329360093,-0.6849324342059462,-0.031536560641854394,0.6604909568408986,0.31529098286341023,0.5334401127344698,0.6718627814469794,-0.001667554854203895,-0.09145283333086185,0.6289066799496016,-0.4741382602718602,-0.6001781789287817,0.6591211086656908,1.0,0.5369673692275524,0.7780588180365648,0.8584816385343961,0.8095825113257585,0.6056587373632741,0.5346228505116006,0.42777747476245975,0.6928914342910991,0.5056980508475581,0.1703491357250736,0.5507320331654807,0.7542593966149511,0.5362719922518198,-0.5554139769950346,-0.38129751461175243,0.23447018288965507,-0.15487786739187373,-0.5966840463735527,-0.3451872315778057,0.7760271515846685,0.48386616526159026,-0.17426200906828462,-0.5216337544100021,-0.3918590346416414,-0.3740014144618923,0.6431507279055679,0.6444560596261301,-0.19872013164825877,0.028278596816019796,-0.6597609894328623,0.5109405411012797,0.6667467056598908,0.30026372321407263,-0.34499443851463407,-0.3176991184527937,-0.7442217878672549,0.6393999227323733,-0.4485326140254833,0.6326945721335938,0.4224598587174259,0.739005083040271,0.2553599132081028,-0.15662185752235308,0.2694292523725204,0.6162700835784346,0.04914997648256663,-0.5645133998585922,0.6079358758272009,0.46669688451287067,0.4695611565633114,0.6159817631756501,0.6677425550340698,0.6740496034884607,0.9045383525286359,0.4383033869855677,0.45679551193871515,0.5280712338113044,0.7350388326242727,0.7116021312801186,0.46148886568639996,-0.39808043058341824,-0.4606185409289948,0.03587334088284712,0.34365982313824556,0.5603295898324422,-0.4825211801496145,0.4646249372305785,0.58504008300132,0.6817496650812837,-0.042818591122861904,0.6670547483254138,0.6250439157736593,-0.3888738839254027,0.6823114045903408,0.48893061496156726,-0.6645028076754018,-0.45437697778211106,0.6014769066852945,-0.7410819538532593,0.012265402123086983,0.5907593869187658
CDNS,0.8809792598467368,0.6311355687070418,0.9277077067363089,0.204033676472608,0.3137222158030794,0.526083168170309,-0.746042961890435,-0.32184834524516603,0.9052235731335423,0.8820070902863387,0.47936887140001805,0.9218351660317468,0.41130111456328133,0.3305640211019584,0.9390012375054309,-0.3204567812295609,-0.6177523074486878,0.8640178440588157,0.5369673692275524,1.0,0.8498650532908639,0.3159262823802114,0.6340875490345531,0.867178724185617,0.952777100764253,0.9123787518182812,0.37360541450453777,0.5721125362115336,0.4048158432847922,0.9233666686740126,0.666421931764475,0.8165971381597626,-0.5652380005060204,-0.04054211886928895,0.6833025583890047,-0.5708623409420259,-0.813215250322564,-0.6678344857786523,0.49313293505337785,0.9099858712341099,-0.01895519127694386,-0.048977000474142565,-0.40338810782197126,-0.5228315698955026,0.8873778020052423,0.8844349541842376,-0.16085041558302948,0.15429645515513624,-0.7865916884455059,0.8849927176357213,0.9064243774472295,0.6607239181268332,-0.8466062138918896,-0.6185514488631622,-0.6687990915513785,0.8828454832992623,-0.8353137621327937,0.9101973149661142,0.8636120222279159,0.8326840354887443,0.3926650042117027,0.24866408659925957,0.7694028311630169,0.9442070712399997,0.3605243750408692,-0.8723149506453203,0.6979329207818389,0.9503765695200574,0.8790492311014777,0.8410431489745767,0.9284333507201783,0.7033235411711999,0.6647174071148639,0.19125423439494962,0.8088945972413625,0.9548560935012057,0.4731182997941897,0.8926374297516095,0.6099553308000897,-0.33677811462145457,-0.7518489569285949,0.22402661663798326,0.5680032900855018,0.6123616502467689,-0.5502874761051323,0.1650637336823103,0.9753384272047416,0.7353664559322302,0.22279374273709668,0.7373628668077477,0.6952224629756881,-0.5089735074885081,0.8539531656732328,0.826372203790772,-0.8225991972500546,-0.7038700385505372,0.892577589235732,-0.6717082951243873,-0.24670599694867465,0.8589447653559774
