,AAPL,ABNB,ADBE,ADI,ADP,ADSK,AEP,ALGN,AMAT,AMD,AMGN,AMZN,ANSS,ASML,AVGO,AZN,BIIB,BKNG,BKR,CDNS,CEG,CHTR,CMCSA,COST,CPRT,CRWD,CSCO,CSGP,CSX,CTAS,CTSH,DDOG,DLTR,DXCM,EA,EBAY,ENPH,EXC,FANG,FAST,FTNT,GEHC,GFS,GILD,GOOG,GOOGL,HON,IDXX,ILMN,INTC,INTU,ISRG,JD,KDP,KHC,KLAC,LCID,LRCX,LULU,MAR,MCHP,MDLZ,MELI,META,MNST,MRNA,MRVL,MSFT,MU,NFLX,NVDA,NXPI,ODFL,ON,ORLY,PANW,PAYX,PCAR,PDD,PEP,PYPL,QCOM,REGN,ROST,SBUX,SIRI,SNPS,TEAM,TMUS,TSLA,TTD,TXN,VRSK,VRTX,WBA,WBD,WDAY,XEL,ZM,ZS
AAPL,1.0,0.73835272808398,0.8111473054258559,0.4624942139881525,0.17904768848540184,0.4586674692720258,-0.6485571061432118,0.11506652887188826,0.8829736100294068,0.9143886074669273,0.03164575082817724,0.8842538530610762,0.6431297851919738,0.545209336452056,0.8736087388165193,-0.06619159583225172,-0.2930351155298769,0.7943275463843806,0.47291698959496115,0.900310425011091,0.6276069518050427,0.20810542550858024,0.6868833669783232,0.75669374100416,0.94370461025409,0.7525270854970026,0.40663803013815236,0.641897672136012,0.4791731557701466,0.8046768075245473,0.6004859650119618,0.832442433874494,-0.2924680151654148,0.18435534082640528,0.6465735273827824,-0.28946901756990123,-0.7145754561958292,-0.5183238571823006,0.2170220132005459,0.8840450135424565,0.4299050305903994,0.3208565859849391,-0.16969256885547374,-0.6952350466336938,0.8513576599754945,0.8544566253002974,-0.1811133204340314,0.38196459926130005,-0.5283121714882739,0.7312584885505998,0.761476582291096,0.8239660452677975,-0.7971726077027341,-0.626133040767199,-0.6278139075381075,0.7738962171808748,-0.5972323913150585,0.8959898089682029,0.7770062760995069,0.7779237437800729,0.5651906227155467,0.5459409362845584,0.6757703872760525,0.9300730835178014,0.6473999353355616,-0.7887441039124781,0.8129047907212713,0.9478645425788287,0.775979959377295,0.8379282513277727,0.9210632416162938,0.74885561309397,0.6021277528858812,0.5431194875687748,0.8704560692624438,0.8994542870414639,0.38840989699497575,0.8025786645837477,0.24778157105429663,0.05512307306404705,-0.6095473751939806,0.11360343063801044,0.3626663022916652,0.2901108337725509,-0.4034821789931111,-0.11229533597317806,0.8391375146042558,0.6181085389843077,-0.08691293058469801,0.833961874636406,0.8544931761605548,-0.25278806121164177,0.8506733490090284,0.8220456648133797,-0.6633715702609831,-0.3947564170756762,0.8456008397291245,-0.6134215605132519,-0.17374696520205477,0.6951593328349073
ABNB,0.73835272808398,1.0,0.6724222993272851,0.553797549500429,0.41171514534108117,0.6130103744781029,-0.5105660890178558,0.36247600053392603,0.7386968937746112,0.6263366098996139,0.07973315195027415,0.6872498363791171,0.5638145908572255,0.3409852850243677,0.690976709651388,-0.2527090522652324,-0.3771062082139488,0.762262267632888,0.6435777538447262,0.6836134098236278,0.5065577116951795,0.4416927670416393,0.6721682607351617,0.6896661189272633,0.6451831554377424,0.5584937774968878,0.5214172946397286,0.5058290749839726,0.33022671186226243,0.5900756184624659,0.6963045956594124,0.6816246829731529,-0.24449578275631964,0.13953463389951237,0.29942458363558755,0.007456619222903215,-0.4998709103387668,-0.36790063340450285,0.32191496963089933,0.6659125839461948,0.3628205129188806,0.2002929516183311,0.15364005619584714,-0.5212025668384711,0.6127182783595392,0.6191020202905176,-0.14536713979026558,0.520921982162342,-0.37822406688331806,0.5726270974773683,0.6906076914589351,0.5136956970108588,-0.5231353624216265,-0.25352324416567174,-0.5392784734851869,0.5911389913489101,-0.28155479533276634,0.723110126205775,0.5519632800272228,0.7687402601055064,0.7141784239398735,0.25611660466101754,0.5607035789757857,0.7086900955569684,0.3757443149639624,-0.5595143506151992,0.7128796794584302,0.6272269714306599,0.5636288066024425,0.6515059933968752,0.7209989209008447,0.862682548274502,0.758907833371486,0.694125980802815,0.5500607625813094,0.7211411770772584,0.5678163983814442,0.7651848941608764,0.33030453099091894,-0.02154814505383099,-0.2777970947602493,0.28903523671652304,0.3862448325862765,0.3275319603733882,-0.38038952471158727,0.04686850626348748,0.6255473603175169,0.7352456799952871,-0.012463010269110059,0.8555394668484583,0.7781022961769635,-0.033230130649535956,0.6247538219172448,0.5523165936887315,-0.49340174121513797,-0.04577876359606599,0.7697338363035224,-0.5910136957589723,0.2361629189245889,0.6010389000485926
ADBE,0.8111473054258559,0.6724222993272851,1.0,0.0781622293668831,0.5107633557451962,0.5627500904984947,-0.8302098915137657,-0.2161174000628042,0.9247029765622472,0.7849627849015018,0.5164577937331026,0.9542177855020323,0.2512624360578125,0.2646219617305605,0.9467527748662629,-0.4459270225452996,-0.6863362573607417,0.8728890976608248,0.773241084422752,0.9183228214001955,0.9395855947735835,0.5883980097589877,0.7923270254732457,0.9044289708954693,0.8975933308155278,0.8616615450718533,0.5535654674602413,0.6329213660526132,0.3414400669740959,0.9197601068248374,0.7900034014138944,0.8180203539186824,-0.6443309641364646,-0.21598577068909944,0.597832628971515,-0.4561831441947065,-0.8480520769126187,-0.6300974597472576,0.6326518730177076,0.8572624867392286,-0.0633732598078155,-0.20175689750025746,-0.4281397843634995,-0.6140896333970981,0.9062876384154139,0.9030870929344424,-0.2740984414783696,0.12822120083121039,-0.8462660711760261,0.8904899189668091,0.9302229345895507,0.6008507157120224,-0.7225332657732235,-0.6022939412292517,-0.8184324448376653,0.9332381983948057,-0.763222298492848,0.9247583704765617,0.8144011340664133,0.8991827605670389,0.39838969858483575,0.12899618604976684,0.6611391122037663,0.9203321062541767,0.29455100969912024,-0.8587800977176114,0.7575932651945129,0.8845076390676133,0.8518730806211668,0.8943620224694478,0.9357915849486487,0.7786703416622989,0.8199163416738382,0.3349432072383698,0.7617697279049853,0.9031982684261138,0.6420496666907662,0.9375395323066892,0.6273556454055158,-0.4096523208961523,-0.7349036257703713,0.1806540746575994,0.5401431263709559,0.6646563316828413,-0.5646756521384804,0.2192760063682072,0.946710642958161,0.7831491226690193,0.075775347817524,0.7839267127639439,0.7456614469603446,-0.5336005576697662,0.8954929369018151,0.8158671070084177,-0.8737007707083716,-0.6188367978337096,0.9062961664062259,-0.8010444380874953,-0.17171321741267387,0.8877936411686628
ADI,0.4624942139881525,0.553797549500429,0.0781622293668831,1.0,-0.15011227105434147,0.39993688980804637,0.16992672336415254,0.5411305052159087,0.30393581106671885,0.451644151170418,-0.40399987188908687,0.17144513284708,0.7261872608915894,0.6638210177617256,0.2444070125911343,0.2314419074997287,0.17459293865452072,0.2679768135686339,-0.1026284449309024,0.27225412555412437,-0.1629054612668341,-0.2970986823889083,0.05777161291114839,0.2161967173315151,0.25151541538915156,0.1966160658667834,-0.03591016914384833,0.26714770385933423,0.4419028768131962,0.1889008028042302,0.1853346411888203,0.3721167066146442,0.44894091170757067,0.7136474917252442,0.24101765201331762,0.2500810743721772,0.13090492973792206,-0.044019517247780825,-0.33348738686290436,0.35554524778748925,0.6292822357721448,0.7410994903068826,0.6402518032508048,-0.09012910763839506,0.07579588204950088,0.08449428080483797,0.280324080765913,0.7836213967575395,0.2891419209851113,0.2051241248021041,0.18507993047737598,0.4139160474305927,-0.13125234063332403,0.17169240724025892,0.160286183314201,0.15506276320884604,0.15457388198915256,0.3043130075389765,0.25891129558146575,0.21436066890622,0.814867821229347,0.4754758902929979,0.345097571532041,0.21954686702932166,0.44492188303007496,-0.015953806931563404,0.3447022796204489,0.26424013720010037,0.20909885303258627,0.2628361604841616,0.20095397143470128,0.5122902203411543,0.09137766637161467,0.4568627849784979,0.23204180580120362,0.3063111303438548,0.1491158469946671,0.22949249781933337,-0.07071052363614937,0.4521844067086726,0.23999874450272496,0.4718547188157857,0.03864280797730196,-0.047013633039788,0.148345518009195,-0.12995323242706486,0.1535510781375749,0.22500223820231882,0.1088352282089834,0.40487072169866667,0.3071638717480575,0.557978232493634,0.05890789578792731,0.1422958996858876,0.19484257888408243,0.43781909493004134,0.3475787576908133,0.10921192556891603,0.44623705371131955,0.14517830332185738
ADP,0.17904768848540184,0.41171514534108117,0.5107633557451962,-0.15011227105434147,1.0,0.33536472951347596,-0.4484109635276412,0.10147401524190405,0.43230566353416994,0.10262760055780665,0.5789991342516343,0.41643710807887424,-0.13064596288611538,-0.16653092124615962,0.40062847093454734,-0.2456878325857803,-0.38409910696771316,0.488883409831302,0.7767717516921265,0.23935931429950147,0.55312211136834,0.7950564588736564,0.7176046489799112,0.4208705933029652,0.2516903636632779,0.22270733188811861,0.6295524389483049,0.4045024731526384,0.10805142636038038,0.35415832607987924,0.6239558986615464,0.3478299127030261,-0.3706276730162992,-0.37348040076545813,0.09974942276276821,-0.006274499989231987,-0.32168586431133867,-0.1529249575258398,0.5902469218941166,0.20001407033174481,-0.2387364306063454,-0.5575538391975982,-0.3323366054992701,-0.21958409211937058,0.4497394805473914,0.45122946769899275,-0.12959814525472693,0.11348357676935986,-0.40622910965362546,0.34572196746689104,0.5057377360822845,0.1883248260772023,-0.06361415505135201,-0.06881752815048683,-0.48331459631351925,0.4640321584940172,-0.27844206044627035,0.4356975501106525,0.23203597258105735,0.564263420896558,0.15388177587722626,-0.16039995152668488,0.06665185059393466,0.3394638588173617,-0.0038091331937153694,-0.24776867967468105,0.4144727973998569,0.17601546344712346,0.26645362716994164,0.3434258351972753,0.41200608947006423,0.525491423496665,0.6951728286411877,0.42109463225478705,0.22125382289683077,0.2558822556763925,0.8110692915729664,0.46151606824658603,0.3594965909872495,-0.25606084826308456,-0.23953155259237,-0.045329585472778544,0.304277503418785,0.4878809250130481,-0.38307804229532,0.46642924584718076,0.31383787340372243,0.5024940692307351,-0.10610865541772303,0.38197753231225373,0.40837723548222216,-0.17973552174861196,0.4920328286010529,0.28028803219744597,-0.4127045692277866,-0.2980490148960644,0.41639284389139436,-0.5377042893231662,0.11338118677779652,0.37936747660738046
ADSK,0.4586674692720258,0.6130103744781029,0.5627500904984947,0.39993688980804637,0.33536472951347596,1.0,-0.3298124973357743,0.008271753699738902,0.626994493849298,0.5436393662027816,0.31679537548073783,0.5543352776867877,0.19759015048602294,0.5086542887317185,0.6014481452237962,-0.3856376361304053,-0.3292980227976168,0.5937514419569121,0.48466606279047886,0.5424514927959693,0.5076976769674915,0.3743372225973784,0.46596834078684957,0.70779736530228,0.439488643107117,0.6057579668175902,0.21906094866135462,0.5505069588930105,0.47541585225254246,0.5989192721653971,0.7845136071308327,0.6686200417878075,-0.19749953214863522,0.07546080959020979,0.30030011415504976,0.16108452077757507,-0.2919345792483494,-0.5189378509197549,0.3792174498584287,0.603690464595877,-0.05594650497888992,-0.0306618292529509,0.07776410195631765,-0.11230720386493623,0.4418972922276657,0.4398055722643409,0.17523696558871604,0.5256962970875029,-0.36326839367987634,0.6251587244452781,0.658989717095626,0.3071029194602874,-0.1997257792228967,-0.11311629101262194,-0.25995169767710347,0.6484831875203805,-0.12471385202952652,0.6208048949689065,0.5378308670830151,0.6659853926442462,0.6638365227733193,-0.06504963182337357,0.5575830101421805,0.4441109203788671,0.12645768189782328,-0.29099404691580766,0.511047719099531,0.45006649987082203,0.6425838691509091,0.6282994029341231,0.46139842237020634,0.7654887760046788,0.5507285355602822,0.30622517237634594,0.2646577478474917,0.5603036956022626,0.6065213032800092,0.6463840654027062,0.665246902078143,-0.3596308515695409,-0.12952458842336143,0.6638849368940345,0.3889884609341264,0.6698995835014756,-0.21413232272735686,0.3466499649957972,0.5751605326779163,0.7777184916866029,0.336053691372942,0.5566062426299164,0.3364824644341308,0.016781508929549008,0.36814781584123457,0.44940103147255916,-0.3106947122862744,-0.030333436555607062,0.6792891421556386,-0.3491289360662643,0.5300876828667885,0.7462703090760636
AEP,-0.6485571061432118,-0.5105660890178558,-0.8302098915137657,0.16992672336415254,-0.4484109635276412,-0.3298124973357743,1.0,0.19257902646329525,-0.7929603033367552,-0.6331814169091871,-0.42260182807423485,-0.8026956566725529,-0.15041381065671186,0.03738788033079429,-0.7728789919003053,0.413528970283893,0.6184782737575452,-0.7518825695773521,-0.694788991973356,-0.7803351754937353,-0.8468154837731362,-0.6150172787248074,-0.7247459355342186,-0.6966618165926578,-0.782989642247901,-0.7044040972035621,-0.6357528685860732,-0.36198642318274005,-0.013900450848542389,-0.6877531666812847,-0.6130812952023202,-0.5915281485806445,0.8056339050646217,0.5121913577005516,-0.2370778000201448,0.5536564189378546,0.8814578260363655,0.7505369228596778,-0.5946862671609087,-0.6642435561136628,0.09715587851504895,0.31403800272880267,0.49011350577693386,0.7633226454180343,-0.8721236087142542,-0.8707210175662585,0.6181175711832991,0.2220232323109306,0.8273396033218285,-0.636515448656569,-0.750752061993484,-0.3725658531444945,0.7764026794419233,0.7539458711038287,0.932892991151011,-0.7310057478349111,0.7391742602548138,-0.7660179460408845,-0.5691124932117574,-0.7515108500735999,-0.09921448701254516,0.019601324991384728,-0.4979129705251591,-0.8370445212073723,-0.1641596153704398,0.8645647926424886,-0.6395897356372425,-0.7341222439975753,-0.6861691305236054,-0.6471946540397429,-0.8532605765958586,-0.5473339147665524,-0.7413977073458887,-0.3783568056283382,-0.6164806933944188,-0.7624188998079157,-0.3537326921670963,-0.7440360797655149,-0.4408545113032481,0.5064101302034927,0.8851793496080426,0.18996111335501895,-0.524795972272125,-0.3777857181447604,0.7675601463344014,0.0806650312220644,-0.8069018638400637,-0.7083310018319039,0.2173231913767857,-0.703979601639929,-0.7102281043169092,0.6868494425837032,-0.8522778385173125,-0.6780773694168821,0.9195941296582214,0.6656963752281851,-0.6959780732925032,0.9598763040044258,0.350625614034946,-0.7200248173733289
ALGN,0.11506652887188826,0.36247600053392603,-0.2161174000628042,0.5411305052159087,0.10147401524190405,0.008271753699738902,0.19257902646329525,1.0,-0.01735976650984242,-0.03277216951761574,-0.5337338993555276,-0.1253713109320567,0.5759751892078185,0.1790885613211287,-0.14869853028524962,0.4280107080400984,0.4693997959752772,-0.02704381591131407,0.02148541496949478,-0.1718728550530465,-0.41121241094191874,-0.0629637240861686,0.13143641305122208,-0.2374473830329972,-0.11362329158254349,-0.3841477412351034,0.29660923686960405,0.00473601694898859,0.004593809177390148,-0.33277763676577715,-0.02495584720328366,-0.0928759803436277,0.4337383480578522,0.38983098091352797,-0.30363965999125003,0.49463778906805705,0.3170223633550356,0.28385872513160476,-0.3503176902614698,-0.1381174480301168,0.6831707530738295,0.500794285877145,0.5687626180842522,-0.060400793039163625,-0.0848111824811632,-0.06993333704950597,0.01867812704728034,0.45752560977925316,0.5729293217328578,-0.33336805157693783,-0.19823777260094722,0.15759301620592975,0.1142776438117765,0.2792509513408958,0.06308298590979491,-0.27309465381399406,0.4582589367441671,-0.04330956347465193,-0.27614978586663325,-0.049627032006295715,0.39184432763345856,0.2960186135622007,-0.18211953706966533,-0.05373133182700209,0.3286744215556408,0.26066955046618007,0.21644688492133785,-0.15399263127823865,-0.2896141510875424,-0.11218983397821045,-0.013176564037140688,0.2051874664905528,0.10145958001112422,0.7222850287609516,-0.07670434197492507,-0.12449286249127119,-0.00017233578901662414,-0.16204346731142175,-0.5646513913798922,0.5983165762360777,0.38879861396299364,-0.11395538305494049,-0.10916283319919448,-0.4886074500435663,0.07915277884738554,-0.31836736328750614,-0.30836883257847136,0.04268228181821522,-0.47433865574930684,0.27395121789153287,0.29739053830297296,0.6483749196280466,-0.06902860854507213,-0.16771739326299168,0.3530713622289775,0.5657823997610263,-0.031588020414860286,0.04377267981586614,0.3670410532994682,-0.3531377685647035
AMAT,0.8829736100294068,0.7386968937746112,0.9247029765622472,0.30393581106671885,0.43230566353416994,0.626994493849298,-0.7929603033367552,-0.01735976650984242,1.0,0.8954285355462474,0.29632775894600855,0.9508321444596333,0.44392475699277806,0.47728759719061253,0.9608732402397366,-0.32777206778334045,-0.5262511403677913,0.8806553760564939,0.67799250297473,0.912427617171628,0.8187942637709225,0.45663184666363427,0.7882233385178196,0.8734023489177605,0.9082945023708441,0.830995958992166,0.5578028766732738,0.6771827461682233,0.42609952287181607,0.8730715243698236,0.7949395183965572,0.8757551132386836,-0.48495325424811525,-0.0401683906194144,0.5329046586619944,-0.3540699686686892,-0.772491085131343,-0.6945340545249605,0.43779620535392644,0.8800871408513772,0.1268702688793861,0.0023231723226976595,-0.26415624933736975,-0.6931511416826817,0.898960300891836,0.8991158336484169,-0.23466533520246322,0.3005113924922184,-0.6864855863884995,0.8357613985897375,0.8795395029503125,0.6762460953239608,-0.7096808649578797,-0.5739228959919217,-0.7499134802246894,0.9388796676684628,-0.655495558448641,0.9828577717928002,0.767009462939299,0.8959622966685113,0.5645004203671019,0.2710421089823653,0.6895460988739219,0.9223043399617026,0.46814359801349553,-0.8032640964092113,0.864098253202112,0.8894654099564991,0.8619184764100526,0.9061090690533954,0.9492365175379901,0.864096824954718,0.770730892615831,0.5091874524794556,0.7492609119258944,0.9108732873491981,0.5929106778105017,0.895231970632781,0.51548951194875,-0.25477169613322126,-0.6742077092198546,0.21922188482564042,0.4623835217564729,0.5488507998247443,-0.5692798838984173,0.0923128168782926,0.9126329150296585,0.8110597471031789,-0.039815805422341685,0.8504577803857288,0.8048509488607848,-0.3361296019288552,0.880124349447149,0.7947816617785074,-0.7724887280164668,-0.46190844598526937,0.9269941624201388,-0.7945806712212208,-0.05246650914457865,0.8614895888902234
AMD,0.9143886074669273,0.6263366098996139,0.7849627849015018,0.451644151170418,0.10262760055780665,0.5436393662027816,-0.6331814169091871,-0.03277216951761574,0.8954285355462474,1.0,0.08606895528458938,0.8703496473763511,0.5859497230572157,0.6453600480148015,0.8950827083712597,-0.11793608567311807,-0.30888872114041654,0.7765873429927211,0.3635072981535122,0.8991050885310677,0.6343218138620011,0.10596597510766588,0.5804839835769156,0.7907181156014703,0.901808806885269,0.8347973163705674,0.3184432983873039,0.6067062079036037,0.4848386325152018,0.8292485741623834,0.6077186098792264,0.8462343668180292,-0.3041350681184967,0.20052861007994363,0.6254162425294737,-0.34439676756661,-0.6576392611529548,-0.6702413089454674,0.1831968314930018,0.8760249472028379,0.29107793382071795,0.28639330645940253,-0.146414825388865,-0.6143156395801801,0.8220598557935328,0.823362342985705,-0.13151914513426013,0.3592076252375278,-0.5173396026937712,0.787193207903045,0.7596125451850307,0.7500877193828115,-0.7433612451591289,-0.5874153100027435,-0.5458849217085323,0.8318369665829688,-0.6069746032858152,0.9037705816302316,0.7858861609727641,0.7476070988793645,0.5634257918119997,0.46452877903070894,0.726966640360087,0.8762906419884461,0.5829817608348882,-0.7456738088701547,0.7979729830827561,0.9198679071489412,0.8535786826442583,0.8427340580949128,0.8665795620420761,0.738375019149665,0.4939861929485165,0.4176782844528329,0.7543713854717415,0.8851936900421226,0.3737378881826078,0.7719080026234588,0.37526625076353953,-0.07509329506623574,-0.6234204844439619,0.25269387333121596,0.3913879359605288,0.3684371167126696,-0.4506517529266816,-0.0723166407354006,0.8693996045275408,0.6789685144648322,0.0012993731009582781,0.7514863747676652,0.7346442634724651,-0.22641138887327397,0.7769343677055027,0.7808565018744577,-0.6174847725331774,-0.3837550169390989,0.8521282097266744,-0.5792484175709649,-0.09593522128018084,0.7777235681097804
AMGN,0.03164575082817724,0.07973315195027415,0.5164577937331026,-0.40399987188908687,0.5789991342516343,0.31679537548073783,-0.42260182807423485,-0.5337338993555276,0.29632775894600855,0.08606895528458938,1.0,0.3798258237006161,-0.42230678285665035,-0.3192720745683822,0.3817451137438804,-0.45824155165947783,-0.6374966898547031,0.4910813517314856,0.538181538079609,0.3414081534663496,0.6813273965796497,0.6533572555310755,0.4209557688201648,0.5676106935344248,0.2395320740903354,0.5104320987647534,0.2658415705307757,0.09182638111724563,-0.034060329780345705,0.5145478321846427,0.4988322089263435,0.1767852329494139,-0.5894174574088992,-0.6287518644084882,0.24701219041510186,-0.4081542333193609,-0.4648224632192441,-0.3657423943894638,0.8181404724442363,0.30901097707365155,-0.7191525406513374,-0.6679655913145882,-0.5216512331603431,0.040702700061480815,0.3888974767455883,0.3784478884555842,-0.21185236050746836,-0.2049302533525796,-0.6763005865872583,0.5856650785968402,0.6056644213611219,-0.0715647539939907,-0.22915457501306472,-0.14636443943308747,-0.4024124475969296,0.4693079488291832,-0.5292763214027754,0.32397832288569955,0.49423136808928597,0.4865402020048643,-0.16076902349530922,-0.40237346009402625,0.33227636094567553,0.300676068515683,-0.3700785727888161,-0.3814004110066594,-0.003885576393647799,0.2152276038846077,0.43813137051270584,0.26059169772692214,0.2788093074063357,0.2304862570883448,0.5111335945874323,-0.24897837297839487,0.1682518242074038,0.31042512369830366,0.5009710037896042,0.4854400778553214,0.7354500041463786,-0.694591947315455,-0.41928864341489896,0.14320841272595855,0.628652969359026,0.729493350076346,-0.31651837169466934,0.4695165575467716,0.441969253416609,0.4693931170809678,0.4988170450215901,0.05915610744851008,0.03863513155175401,-0.584457492323523,0.35475079264244475,0.42009722601648336,-0.536827265744631,-0.5004651993714406,0.3652884977281167,-0.36305200808817184,-0.14537793973666463,0.5067705018238127
AMZN,0.8842538530610762,0.6872498363791171,0.9542177855020323,0.17144513284708,0.41643710807887424,0.5543352776867877,-0.8026956566725529,-0.1253713109320567,0.9508321444596333,0.8703496473763511,0.3798258237006161,1.0,0.3572426723222589,0.3932909677856659,0.9529934110842548,-0.2944352552730336,-0.5326055451250397,0.9045721239805531,0.6962124895912457,0.925334332553133,0.8780685343855712,0.48279635436780016,0.826345935069241,0.8966759707564178,0.9462799435656848,0.8523635599539267,0.5163223389047534,0.6820844887038006,0.414227509369431,0.918342528063745,0.8014256075047897,0.8653840707673232,-0.5247658065985763,-0.09196459071630023,0.6058386337798809,-0.397338992019189,-0.8478516790447106,-0.6582047500288519,0.5022636101285595,0.8849281455943001,0.05611820459071869,-0.05841641559179127,-0.42207667707283475,-0.6607826659832842,0.9419916403063064,0.94099681303873,-0.23793084517143817,0.21189724214791175,-0.7654792773766158,0.8722414559602126,0.9048645174681048,0.7183421688589656,-0.7612642897162617,-0.62367521353851,-0.7623453872288647,0.9302129198890049,-0.7270379626960521,0.9660767328796899,0.8390463648520173,0.915473408790455,0.40869419374537963,0.33147647812317016,0.7248154047084162,0.9526211280987246,0.49818593286347856,-0.8630543754817495,0.8102158189555854,0.937087784107762,0.8845883036288348,0.9195220342939808,0.957133152132169,0.779552059550561,0.7511442003108905,0.4093076142675308,0.8372212434582581,0.9064582816838032,0.5657443753151252,0.9110998317242062,0.5134219367100016,-0.24107286371171302,-0.7522530121624363,0.12676979736511254,0.49292431447820817,0.5740511588054369,-0.5283563535207203,0.10254303961382555,0.9325094353946554,0.782384822954499,0.01629640455852925,0.8003753607479407,0.8004921228715426,-0.474380247069057,0.9309941230034727,0.8667614621243899,-0.8355344990653043,-0.5660178257738855,0.9210978448781132,-0.7770496571691131,-0.18045628411901593,0.8556745861412075
ANSS,0.6431297851919738,0.5638145908572255,0.2512624360578125,0.7261872608915894,-0.13064596288611538,0.19759015048602294,-0.15041381065671186,0.5759751892078185,0.44392475699277806,0.5859497230572157,-0.42230678285665035,0.3572426723222589,1.0,0.5112189625892719,0.39228362941390754,0.272186236962552,0.1498304928968937,0.36916064748200295,0.05848726363251414,0.4648359090752908,-0.01611470463787411,-0.192648145868491,0.2237758254677178,0.23291013736710323,0.47272761936328644,0.24611665793777818,0.29817678715152157,0.26253735373159437,0.24548854167541984,0.281805186135465,0.1196926381137684,0.36957339601295375,0.1251994567940578,0.47366454292861676,0.28565754736451804,0.03625704279433013,-0.12258907229785837,-0.11594106757441477,-0.22612035727171167,0.4125436294684881,0.7872168254846259,0.7412931894498955,0.4507780923270028,-0.4408871294633326,0.36342239350532274,0.3732878211934667,-0.0355461323688176,0.47646911897681055,0.1340002634684302,0.24851030884664158,0.26456504287500826,0.5619951831732426,-0.4487771061284676,-0.19242700282893704,-0.21427902634959334,0.20860213707421515,-0.1208765204464403,0.41683851392424104,0.28493606454128023,0.26479625642552246,0.5684991223819964,0.5385938995948986,0.3291263961963187,0.4726953962215417,0.561506775589031,-0.2632374720039134,0.5305794439670869,0.4757160337361068,0.2984926829162436,0.34520007239014294,0.4749269983833067,0.45098436390532226,0.231469113106024,0.6045136878198066,0.4163689640500446,0.4623196258913234,-0.019603652240257136,0.28320926757376635,-0.24845030845037777,0.44279144107257384,-0.06439722684749205,0.08448265180208536,0.1359505559926812,-0.25439118597162724,-0.14707007628931837,-0.365167863795932,0.2951882585604021,0.31387467954817805,-0.2502129273835413,0.589135847145366,0.6102850225453189,0.34458813434972924,0.3586412982439093,0.35132725111812685,-0.0932520630670156,0.13278054303012368,0.42518937831143283,-0.18613145189042254,0.07268251322867694,0.14186988626576646
ASML,0.545209336452056,0.3409852850243677,0.2646219617305605,0.6638210177617256,-0.16653092124615962,0.5086542887317185,0.03738788033079429,0.1790885613211287,0.47728759719061253,0.6453600480148015,-0.3192720745683822,0.3932909677856659,0.5112189625892719,1.0,0.43621834290793,0.14713003539204594,0.19266372196631187,0.25951004278213297,-0.039468478745066836,0.37920609599290034,0.06345950765318331,-0.2935612806443122,0.16805285251192995,0.34460137797476764,0.40781139409068723,0.32636591179054336,-0.12098550938597272,0.6006984391304855,0.6830932230954447,0.3739349914111119,0.3392964581173467,0.5989894259673478,0.36867491610619957,0.6889419465601955,0.5313696031788266,0.2503944745497116,-0.01095329115452453,-0.22030730690866873,-0.26719461153040863,0.4764588208556855,0.434218853979538,0.5578403748830099,0.25828146261476437,-0.11544434815930539,0.2402027106500251,0.24239812423439475,0.4466360740528038,0.7175355119750486,0.08947658117012273,0.36135078721877856,0.2356292679025655,0.5968651379492883,-0.08025621944404396,-0.09232722865086475,0.10441965146615398,0.47145464983943236,0.03190960505119648,0.490618816811805,0.3689350777185539,0.29948947524375114,0.7016317302580146,0.4869432371656513,0.37395965069498727,0.31226614562054067,0.5847813608057639,-0.07772402575571057,0.5710849304322985,0.4519000594146644,0.449610442099054,0.5907364166398036,0.33599579866090756,0.5297979526769064,0.017654765355716973,0.2757650241888238,0.3256041821818142,0.38396000085686427,0.26395149854395805,0.306114583275771,0.079431072640297,0.2768320492554731,0.0656640313656958,0.5606077333170477,-0.12906460928006097,0.20161792157579805,0.13102811290545185,0.11488378925721565,0.34823607856639716,0.26063344243680997,0.06699612274351519,0.3782771667841694,0.2845968095342403,0.4070876629067656,0.20088762982700356,0.31573163191405607,0.074478217758496,0.17987479186639482,0.4363349510958943,0.04392295056186107,0.3238516043180983,0.37601684976338323
AVGO,0.8736087388165193,0.690976709651388,0.9467527748662629,0.2444070125911343,0.40062847093454734,0.6014481452237962,-0.7728789919003053,-0.14869853028524962,0.9608732402397366,0.8950827083712597,0.3817451137438804,0.9529934110842548,0.39228362941390754,0.43621834290793,1.0,-0.34132365308615514,-0.5593915111274105,0.8736017644379014,0.6652235737372462,0.9337944761227333,0.8588456085994107,0.42022963250704304,0.7508660708203205,0.9217125379536198,0.9213239562585224,0.8888830972800821,0.4809865942708323,0.696121974250253,0.47919586274716375,0.9350423997829506,0.7676828749091955,0.8827328627983013,-0.5153728083893673,-0.03801363989647416,0.6494903741727956,-0.416089654825221,-0.7764784960473352,-0.6976146705084044,0.485040910161746,0.9139529129115425,0.08356294041748086,-0.021564138403229648,-0.3338779678270592,-0.6264815090305272,0.8902809731296052,0.88892753656762,-0.15717727450873153,0.2580635932746867,-0.7468915487404398,0.8851260202138357,0.901852141276927,0.7082590417097678,-0.7365687142428464,-0.6247081800932419,-0.7290858653484177,0.9480543464240412,-0.7475197342375228,0.961056939092886,0.8451888397774404,0.88869065061674,0.5151723776094075,0.24873161805266694,0.6692234630289438,0.9335504591887084,0.41401758362117025,-0.8360342370615865,0.8291272079376398,0.9149732576109358,0.8846538905526039,0.9144656349544289,0.9440247638648223,0.8297316539409427,0.7256337271040944,0.40168497277142207,0.7792201056530851,0.939421297513965,0.5944543014322743,0.9268496618972736,0.575556813745329,-0.2961991037482079,-0.704573266581182,0.2312934820398263,0.46465487166276553,0.6056425223104208,-0.5725241305753714,0.18051637518186894,0.9464599137600809,0.7968028279703263,0.05001114670749684,0.8033332374328968,0.7719081353551664,-0.4092773128833326,0.8812489374865632,0.8609919628204938,-0.785675861591763,-0.5645719012941885,0.9202028871884113,-0.7419705076264614,-0.15177212365535478,0.8991518489876983
AZN,-0.06619159583225172,-0.2527090522652324,-0.4459270225452996,0.2314419074997287,-0.2456878325857803,-0.3856376361304053,0.413528970283893,0.4280107080400984,-0.32777206778334045,-0.11793608567311807,-0.45824155165947783,-0.2944352552730336,0.272186236962552,0.14713003539204594,-0.34132365308615514,1.0,0.7918950579384709,-0.29667981341843863,-0.47240664111650055,-0.32150045105610925,-0.535343740980364,-0.4967299450238236,-0.14805505544426387,-0.42850834528541926,-0.19190748916677344,-0.4155114434567834,-0.1873319589078061,-0.08641639799992233,0.08675514529825429,-0.35010330585968336,-0.41595413561917877,-0.2660293669583209,0.5192220742699705,0.41268937432282077,-0.01586659079307804,0.2812477572816726,0.3711905818212051,0.41264776914630275,-0.5346597116504137,-0.3189798138254757,0.4855458824682553,0.45412147604949515,0.15004378288129355,0.19502646749950894,-0.20453299311137701,-0.19559465060418274,0.18593651212600293,0.12496865207302899,0.5959782601935234,-0.36174800397442264,-0.4117055076053984,0.2237655278153882,0.1615789070590989,0.16795943689921441,0.43982685437972097,-0.3946668242832686,0.23635670488905838,-0.2677773356646447,-0.1876954011916672,-0.36543734851569065,-0.18104319458705093,0.566834005414797,-0.2548687497420626,-0.23587595393571595,0.43470934666954664,0.3585181008562017,-0.12913775905853794,-0.18423474221675676,-0.27124486505138196,-0.31433347659078353,-0.25108345733077625,-0.3432775538174779,-0.5000493762201893,0.14975229835310072,0.005521537806399612,-0.33331388700907577,-0.37396779096079846,-0.4843177279529465,-0.6873540223893145,0.7657633175246087,0.25195516190511275,-0.3439544335377299,-0.22627665782322126,-0.5861849089186953,0.3523078466797831,-0.38170894142073813,-0.41806235705611344,-0.4102762588665049,-0.3173568053981798,-0.25346970368164456,-0.029829548522303087,0.3969358468712703,-0.16851713680819191,-0.12764252537309823,0.4670291245520151,0.2301115726049584,-0.32586796227991366,0.4460631593118046,-0.09830393438754065,-0.5225566781256232
BIIB,-0.2930351155298769,-0.3771062082139488,-0.6863362573607417,0.17459293865452072,-0.38409910696771316,-0.3292980227976168,0.6184782737575452,0.4693997959752772,-0.5262511403677913,-0.30888872114041654,-0.6374966898547031,-0.5326055451250397,0.1498304928968937,0.19266372196631187,-0.5593915111274105,0.7918950579384709,1.0,-0.5694986836237533,-0.5955673043217886,-0.5756735792777168,-0.7530651896134257,-0.552393821027667,-0.33789244015299474,-0.6174086345912746,-0.45634661138715005,-0.6454358684958235,-0.35837646377398297,-0.11225961476073092,0.10833361637634104,-0.6004885438205224,-0.48508400178507133,-0.4006793099625889,0.6962902325807682,0.4502597718151091,-0.19146249736352344,0.6234874150661739,0.6332329516967619,0.49571828993140243,-0.6745173217666931,-0.5012566403338533,0.4731015160280966,0.46040743557205305,0.3341840861131794,0.36707154668879605,-0.4626080483519448,-0.4547014060028649,0.41045745858070554,0.15912352440214525,0.7987218751348257,-0.6196572588489828,-0.6608308578534471,0.031190877557303247,0.46485268749825087,0.23567380808314498,0.6352492651110799,-0.5866094313325775,0.612916664268523,-0.4925507362019758,-0.46114046904982076,-0.5606252720097952,-0.13423284672784155,0.3536074541906491,-0.4610523174822215,-0.5019729470280366,0.26206720853240406,0.6394002842340439,-0.23691635827271684,-0.43869037864273897,-0.4914941813739151,-0.4612990479104128,-0.5119893770665319,-0.4171066857120814,-0.6667382966680613,0.13007486076687894,-0.3143812303643264,-0.5570706405683984,-0.45089676332356543,-0.6687093581357914,-0.7360187307090499,0.6998247273123023,0.5367987260667243,-0.21743625164031796,-0.4852721673136815,-0.661736926734894,0.4634476813601582,-0.2594417641982242,-0.6467215145850386,-0.5217797257461412,-0.3392490135901273,-0.3693837415027426,-0.23996775035483986,0.6061583084406361,-0.44665540869929476,-0.3504710254089652,0.7156308765282892,0.4864743480181745,-0.5572144712241806,0.6256784382678794,0.13510442218113974,-0.6463594348070536
BKNG,0.7943275463843806,0.762262267632888,0.8728890976608248,0.2679768135686339,0.488883409831302,0.5937514419569121,-0.7518825695773521,-0.02704381591131407,0.8806553760564939,0.7765873429927211,0.4910813517314856,0.9045721239805531,0.36916064748200295,0.25951004278213297,0.8736017644379014,-0.29667981341843863,-0.5694986836237533,1.0,0.6966890655220191,0.8783106806281028,0.8121303318218261,0.5401471888974121,0.8169515963790687,0.9055721501254846,0.8532940816439339,0.8460990927781696,0.5177171435191109,0.49306791871717315,0.27577439188629915,0.8648393364490571,0.8258327347816045,0.7531125852775346,-0.4936718856473376,-0.15116503228319117,0.4775249203205102,-0.3787926585874721,-0.8008250331307755,-0.6756966756085618,0.5889559017524459,0.8419574518810992,-0.02174614196799936,-0.03425085821585328,-0.310858031784909,-0.5764072319436917,0.8707442817049367,0.8706302111713922,-0.33035275384700696,0.3035531659655811,-0.7129769973792776,0.8550351189800205,0.9435329227481756,0.572391209813898,-0.7565728601079522,-0.4438850099972793,-0.6997592779543383,0.8318723419160645,-0.6661335316622748,0.9056867204602645,0.8443089437267027,0.953004223519988,0.42225066277474854,0.27065163503571804,0.8106034211867753,0.8878406890508747,0.38687995288790217,-0.8232135272405586,0.6580381658843113,0.8210319924146218,0.8470680427520418,0.77067348255814,0.8734684604134249,0.7839965112783804,0.81466089495929,0.41611350359631144,0.7492299146930143,0.8518775732092472,0.5926957663863985,0.9124036060570672,0.5673431827863544,-0.26962082194986603,-0.6708961152199927,0.1783335852687994,0.6919061312300182,0.5884643364120072,-0.4957034309826908,0.07057533079612435,0.8648026442582551,0.8485595339928642,0.17248420156803995,0.7308417691803968,0.7247247541134274,-0.43488732040049355,0.8480000942528116,0.8250341274148815,-0.7842489220625533,-0.4261551964470756,0.9035206860338497,-0.7504758916629342,-0.09499115542597544,0.7921484038221469
BKR,0.47291698959496115,0.6435777538447262,0.773241084422752,-0.1026284449309024,0.7767717516921265,0.48466606279047886,-0.694788991973356,0.02148541496949478,0.67799250297473,0.3635072981535122,0.538181538079609,0.6962124895912457,0.05848726363251414,-0.039468478745066836,0.6652235737372462,-0.47240664111650055,-0.5955673043217886,0.6966890655220191,1.0,0.561136503263176,0.7933365416105471,0.8632408073153947,0.8163422136669647,0.6692189176377136,0.5564930276922003,0.47898659242899083,0.7059362601835867,0.5040628715432275,0.16775000495466497,0.5982145966796357,0.7877154541171533,0.5649535292195266,-0.5599646086949712,-0.39050071717022705,0.23585143195995237,-0.13698539352852943,-0.6154864357648847,-0.38360803762872986,0.7862693587731561,0.5188412844076679,-0.11396394471241164,-0.40666149768444093,-0.3361627740709577,-0.422821794083825,0.66436440174384,0.6650145020811111,-0.2557842260217766,0.06556240260693062,-0.6681220145172553,0.5614165462006683,0.7067710039634472,0.31580225019248065,-0.38052772252199124,-0.3475896586319282,-0.7579401326056802,0.6694221795829427,-0.44477874754023045,0.6629727829318112,0.4595139896329301,0.7839008485994305,0.29047970408479024,-0.1338116893211302,0.31968779189293306,0.6407651197336433,0.07747806205007844,-0.5809707373218141,0.6315470790489112,0.49698566740312417,0.5195366799664498,0.6446210809559648,0.6888704268953116,0.6934653083287418,0.9036000602613792,0.4703441818354081,0.4742478956115759,0.5628297799234344,0.7214319880853719,0.7439343639667579,0.4841993628503556,-0.4009697125313985,-0.4741734134059789,0.04942940156208736,0.3878287339545946,0.5707377022653234,-0.4891930999411327,0.38455443463801947,0.60583568132647,0.7330974777078402,-0.0662580525442519,0.6709553201309053,0.6375092319137919,-0.38149526057361444,0.695748358217094,0.5479277118905642,-0.6784327116404392,-0.39283176536300596,0.6418268504318444,-0.749646139104499,0.018084961212049142,0.6365656560570132
CDNS,0.900310425011091,0.6836134098236278,0.9183228214001955,0.27225412555412437,0.23935931429950147,0.5424514927959693,-0.7803351754937353,-0.1718728550530465,0.912427617171628,0.8991050885310677,0.3414081534663496,0.925334332553133,0.4648359090752908,0.37920609599290034,0.9337944761227333,-0.32150045105610925,-0.5756735792777168,0.8783106806281028,0.561136503263176,1.0,0.8203693880054072,0.3591494573120229,0.6604333196105199,0.8810389968881491,0.9572735439355762,0.9212915254656415,0.4266034791622678,0.5338532724998594,0.330553944176676,0.9156478270884356,0.6763638231223256,0.807837238209663,-0.5684491531925396,-0.08497150028972256,0.6293618023673219,-0.495307599136413,-0.8308143773424275,-0.6752426667270751,0.4857767668959331,0.9190114880117075,0.10031903494831132,0.09391165218114213,-0.2756287451377282,-0.6611877356724384,0.893682123413665,0.8913161756467017,-0.3128074294127545,0.1836177642980153,-0.7579173447126882,0.8838614717041522,0.9030014949404256,0.6338752419853928,-0.8638277836955798,-0.654622446284515,-0.736557938630848,0.8676082392340556,-0.7540161253386121,0.9151008370984888,0.8565222320587768,0.8477894816557451,0.44393914947053903,0.2614391890840441,0.7953852047770461,0.9491035455414273,0.3783828687138681,-0.8898946619079635,0.7161045060296001,0.9528373005503091,0.8936632762965353,0.8409306647036245,0.934056312909355,0.722275406724913,0.6987557215332687,0.3177605734505176,0.814842668837197,0.9590972702262793,0.4235543420971491,0.8947666943640241,0.5417587925274325,-0.3094483672414799,-0.7438793331043171,0.20203263985323341,0.5728717675851102,0.51014534831659,-0.5090018834639038,-0.016730912183386525,0.9733489827259794,0.7605267085893874,0.1205150667591504,0.7794034159861599,0.7537259574217009,-0.4827897027960276,0.8593502843916945,0.8481143186218607,-0.8279632744585651,-0.5351391275315587,0.8965825398420618,-0.7148759690536318,-0.22298030918419615,0.8503388989407551
