,AAPL,ABNB,ADBE,ADI,ADP,ADSK,AEP,ALGN,AMAT,AMD,AMGN,AMZN,ANSS,ASML,AVGO,AZN,BIIB,BKNG,BKR,CDNS,CEG,CHTR,CMCSA,COST,CPRT,CRWD,CSCO,CSGP,CSX,CTAS,CTSH,DDOG,DLTR,DXCM,EA,EBAY,ENPH,EXC,FANG,FAST,FTNT,GFS,GILD,GOOG,GOOGL,HON,IDXX,ILMN,INTC,INTU,ISRG,JD,KDP,KHC,KLAC,LCID,LRCX,LULU,MAR,MCHP,MDLZ,MELI,META,MNST,MRNA,MRVL,MSFT,MU,NFLX,NVDA,NXPI,ODFL,ON,ORLY,PANW,PAYX,PCAR,PDD,PEP,PYPL,QCOM,REGN,ROST,SBUX,SGEN,SIRI,SNPS,TEAM,TMUS,TSLA,TTD,TXN,VRSK,VRTX,WBA,WBD,WDAY,XEL,ZM,ZS
AAPL,1.0,0.7708589330167986,0.8071073298458332,0.48532249294102064,0.03698507456750161,0.45880947884429063,-0.6909974069145941,0.29608798542661163,0.8946199754842847,0.9351285491928212,-0.1485387235478395,0.8923754986981152,0.7243197058913774,0.5703291722103357,0.8881841784535429,-0.018486659224368557,-0.27700083464293407,0.8216350306840535,0.5040728100058942,0.9115154213453364,0.5747399042794216,0.3116145809831122,0.7230781175108707,0.7998286537630033,0.9482669933320227,0.765126483934363,0.4826564311558282,0.555983051694547,0.3676672409199036,0.7960131897605875,0.6324598935827503,0.8088747354697956,-0.30368370077495266,0.1126774228719043,0.5872968174007206,-0.14917410832212938,-0.7568408155979479,-0.5143834534757041,0.2172198545877843,0.912216585780698,0.5355861172697979,-0.13710091450959075,-0.777517263170438,0.862950433909901,0.8661127192379531,-0.39222417645780716,0.4154578497307452,-0.4920062413866355,0.7498174926538612,0.7708863020127112,0.7882313169392781,-0.8160981077039026,-0.6883448553080947,-0.6796476777959626,0.7671530586686571,-0.526826060723477,0.9105687048316442,0.7949101672243998,0.7967949723122938,0.5788817215001515,0.5698044907194842,0.7111742742613294,0.9361358425441926,0.6795563317099292,-0.8097999656021686,0.8184050478418524,0.9482600824676408,0.8181960630982783,0.8473898766799365,0.9269216919126062,0.7625655545327287,0.6438015746586617,0.6236085828723644,0.8729400210600589,0.909741332111483,0.2750727864682117,0.811731670726965,0.12045300301730534,0.06858580634588297,-0.5734464751575638,0.013063581314264227,0.35915333044329645,0.1363196654610519,-0.3071349896912645,0.8042237751643715,-0.3352577663118179,0.8470423819789442,0.6445250532553545,-0.21489588644812013,0.8534930838719728,0.8830574351675757,-0.23423467789495223,0.8626031119754151,0.8396335392514032,-0.7011159442864635,-0.17473488531041953,0.8555738378577888,-0.662702552558733,-0.2204456474286137,0.6834429916875341
ABNB,0.7708589330167986,1.0,0.6720781750193198,0.578734777315653,0.20593926643329094,0.6345343635885146,-0.5775028370825741,0.5324636740653784,0.7611850471360612,0.6704740338816279,-0.11776545782776933,0.711949437573473,0.6799438816626485,0.39394193141284717,0.7004548423183631,-0.1865892260057029,-0.35184613005952586,0.8079091202740858,0.6580056536332727,0.7237093810005005,0.44278545139074,0.5263185039689332,0.7172482848776968,0.7258135812221642,0.6894690717181297,0.5504097087903154,0.5845215628513333,0.4007192076974353,0.1979029991925502,0.5564410096173162,0.7345741753130114,0.6418503542639014,-0.253493992970875,0.060710831278653316,0.2319840411888921,0.1416028452290321,-0.6148586431213778,-0.35238510877687507,0.3203287864144525,0.7026929204524496,0.48207364421002113,0.15963643665670382,-0.6398421650755041,0.6508115818509697,0.6569435336553316,-0.38641975860479516,0.5635912848749969,-0.34214473014805297,0.5812052137080355,0.6943255749267412,0.4769653561231272,-0.582552901770035,-0.3820805248118184,-0.5981131653269416,0.5746873526211312,-0.21330711610389896,0.7467697164085695,0.543666462954935,0.790639792236825,0.7219490992708059,0.3044960266278617,0.6300981546678124,0.7501110616922823,0.4387519739745737,-0.6231364118849327,0.72101966948665,0.6525397362901786,0.6202993849129783,0.6731635348639041,0.7489823799198201,0.8701905201755437,0.7882100425757598,0.7587666573786268,0.5801762446020047,0.7365210114747088,0.42158678919830406,0.7734988214653883,0.20550188296908195,-0.01587586951868073,-0.2537622233966752,0.2066173229868486,0.3904540778667642,0.16385487418717803,-0.2672773970500198,0.6280693693614908,-0.224407402862648,0.6431835057206692,0.7722001606738443,-0.12412174684136672,0.8702371908437652,0.8158438661011485,-0.027091701994262463,0.659048517048383,0.5637646036051106,-0.5595882985575822,0.16327282242571844,0.7758325816494913,-0.6471125808567219,0.158384398062572,0.5747683260224097
ADBE,0.8071073298458332,0.6720781750193198,1.0,0.06056345619968465,0.3940078103992931,0.5411034509844658,-0.8540657275420797,-0.05714229183540501,0.9211225037470816,0.7818685951529845,0.37491704214178406,0.950786704170835,0.3188460101702825,0.24640335066345959,0.9630409520123407,-0.4091979981002152,-0.6771632024066767,0.8592955561140827,0.7911019941566075,0.9082343090205579,0.9187780970846595,0.6409963186104514,0.7991813613789471,0.9527536180257544,0.8916240450081663,0.8862500363439868,0.620559390454469,0.5713876504184993,0.22653759681420407,0.9378764557234792,0.78583525596987,0.8050498404458006,-0.6663567602362402,-0.287890959021766,0.5495469535560037,-0.3645595570523947,-0.8320400976154462,-0.6299678781073439,0.6240743442670097,0.862080516931851,0.042282702677299326,-0.41928422978692254,-0.6930637797956088,0.9074133666682177,0.9044343725681128,-0.44394537418526026,0.10750989138077632,-0.8315126603359921,0.9205949980811099,0.9467703920880399,0.5745105004121944,-0.7319741832123784,-0.6541519273799857,-0.8670300030717841,0.9419464198731243,-0.7249719705765038,0.9263509278394789,0.8334224359171785,0.8992079993510821,0.3772819028376408,0.15826052143467487,0.6492312856732158,0.9097430214483747,0.3317065393831474,-0.855693888841483,0.7619919093623491,0.882018852106023,0.8652144031851912,0.8921039486577076,0.9342058807795239,0.7756695359520392,0.8295689800070637,0.40690659861502804,0.7722719643626542,0.904382786365456,0.5612849417112286,0.9428439748623695,0.5654328169848606,-0.38467806152397416,-0.7266517532869317,0.05547866823621136,0.5188379527182349,0.5833105007943068,-0.5025202317803155,0.6619001417313043,0.019787377436192747,0.9491426290808358,0.7934733240222682,-0.06186783166053538,0.7940514726241454,0.77209923396442,-0.5363692941144778,0.9033751932209214,0.8208146044295183,-0.8900490551997835,-0.45838605544374544,0.9130874701009278,-0.8331722097374924,-0.23904713629080332,0.9038400400660986
ADI,0.48532249294102064,0.578734777315653,0.06056345619968465,1.0,-0.243443019888651,0.3308809517902569,0.09337619211445511,0.6787268134656513,0.2934205530836993,0.43551687913200604,-0.6160610180448423,0.16799190397955216,0.7749869532498909,0.6581311428734181,0.18228926336024567,0.29148149227886005,0.20498565353411582,0.26536339652810353,-0.07031945988821976,0.2776475559595772,-0.25186521139182605,-0.18228610328240874,0.11483027640326175,0.11978165186585607,0.27839370527262003,0.08285439118951587,0.05746427125980378,0.17353627621433554,0.3185125039086784,0.065869660296387,0.16408812987069346,0.30264099363743374,0.43209017972129793,0.654056886225353,0.15594601322842436,0.35511609084439355,-0.013791351338264472,0.10520587574414679,-0.36648548353306476,0.3248904642265333,0.738040346526197,0.6542377001108711,-0.2230468378708728,0.10192518984043956,0.11153727098957371,0.049003843909337985,0.7799663933432344,0.3440797811228043,0.1054806042365555,0.10764468637903031,0.37501316477685276,-0.17361604719979526,0.060455654849174686,0.07622236020996183,0.06914858691849689,0.2485566283630319,0.2814808259826173,0.1514654667495231,0.18749761711645632,0.8098447261645302,0.5103859990087432,0.34312358802788834,0.24967781553344726,0.48577013945790964,-0.07798111375319192,0.35806730012043625,0.2663409072041374,0.1629899881490338,0.2485217613153709,0.22937641795470184,0.486143507767774,0.13805968963784798,0.5417592773022534,0.25729739507456556,0.27991543348703213,0.03294176155563918,0.18818200634097149,-0.3017450979920177,0.5092805308232576,0.2681149800873125,0.3783249045840362,-0.014786263252200277,-0.28962430900640457,0.24730453275980094,0.319451247510251,-0.3455855138377389,0.1283403343862322,0.15960662662650882,-0.048272935382544555,0.445514949912747,0.3746186034904099,0.5659778589698959,0.09892202999612837,0.06339757762347123,0.12107239762989774,0.5691862753180418,0.30383056780540074,0.030781314344389847,0.3866991891696242,0.01966499051909521
ADP,0.03698507456750161,0.20593926643329094,0.3940078103992931,-0.243443019888651,1.0,0.2681237265359321,-0.29631020672620084,-0.011534492041068945,0.292762452374327,-0.04377914653040305,0.6197491505709337,0.27436691792006185,-0.24634505518604607,-0.26820582318389036,0.2933049787946091,-0.22272948730908324,-0.31921938299494207,0.28668928777725783,0.6490264337121029,0.07765810386221596,0.5085624824077734,0.6478223986363111,0.5220189378078219,0.3427584084260813,0.09834221468042184,0.1415563489157834,0.5382971596293497,0.39488675431455494,0.11171558511378857,0.30780768666728137,0.4638557912076955,0.2879074958128859,-0.32295946883774307,-0.34887700466504207,0.06185101572894021,-0.04295104840623917,-0.08380974801164509,-0.0752773771125811,0.510911845022905,0.06658748031530119,-0.28327610508194184,-0.28793134364268164,-0.07059757448681278,0.30697671543975075,0.30847213381559146,-0.007383572941583505,-0.01785800944977419,-0.34220788492320714,0.26950526585588536,0.425058183188749,0.13499583157991676,0.06449006865359888,0.05772765629412679,-0.3747710800129584,0.3938336644761352,-0.23645640628741466,0.30237394653687166,0.15399612050835598,0.4284517280280873,0.05119711244351684,-0.20583723741616217,-0.11441423372175477,0.16450858241170654,-0.0852858684934624,-0.08631792814126932,0.30521447684214276,0.05608932779502776,0.12482196368787375,0.21693062056599655,0.2595537330505431,0.41883982679843307,0.5266991567262458,0.28775790262127265,0.10751221615893501,0.13041634968600532,0.8277364047210816,0.3416987945153641,0.36074710353210054,-0.20227279320274338,-0.1929095271205764,-0.09653923167395069,0.21416208511808732,0.5269790888885078,-0.368460822033238,-0.13048047080482955,0.5270312501344172,0.18621959611096014,0.404103697784072,-0.15814572946904418,0.2448497876554764,0.2576187304205217,-0.14994792901964338,0.3525637946572968,0.18265781982403514,-0.2575763639821311,-0.3478406770487458,0.3083855801661953,-0.3893523769538151,0.1314121984682758,0.3279358846672639
ADSK,0.45880947884429063,0.6345343635885146,0.5411034509844658,0.3308809517902569,0.2681237265359321,1.0,-0.39472663880171266,0.2180450622905774,0.5869915435651243,0.45441193122365864,0.07435648385149597,0.5189792688863997,0.250252610110053,0.44459445221100596,0.4953156591090741,-0.354873041359443,-0.3036745817013191,0.517690784673248,0.5435780613584082,0.4972763951715461,0.4366101170817824,0.5178058260954769,0.5034998769412837,0.5928567310274768,0.4307347353579113,0.45208130505388333,0.36513004408231514,0.46291441666747857,0.27910878588493004,0.4475771918662351,0.7478291151468875,0.589155909051989,-0.24779249229849487,-0.044635750627538114,0.14346269637986903,0.32431465046919367,-0.36075414933925737,-0.3348236836318687,0.3468727701012159,0.5076374432815851,0.09095566620195951,0.11327664902230562,-0.2697198435429841,0.4419033501566209,0.4413254316434442,-0.09956893255799573,0.4533186030530186,-0.3097833689025001,0.4887013503892557,0.5633888698012959,0.21387734366090003,-0.1927713909903468,-0.2035576228381157,-0.3718887898315177,0.5562876753130553,0.03511568855815988,0.5599798633940642,0.34972873316822484,0.6115272394650603,0.6299421469125428,-0.06423465320968239,0.47532962787762845,0.42952838658109954,0.15652560272214777,-0.3036753505327567,0.5307462408028246,0.41613238520251866,0.5385862174853574,0.5928065755327881,0.4685513647092606,0.7247135956351443,0.599717009174279,0.4416830814156995,0.26569467291834864,0.48681528926202766,0.5247455957828112,0.5807390413349806,0.49082994290129417,-0.30896938200846524,-0.08254434771163498,0.5227401050533028,0.28631962219793616,0.4777151829326526,-0.0897738616724878,0.1822976570266412,0.08436152977859998,0.5212561591851921,0.7078045915117884,0.08824082902077195,0.6189841117833778,0.415617021382972,0.03021765735596139,0.3935958515523012,0.28909073705890376,-0.3617185944113588,0.15576760602055056,0.6101823752395272,-0.4352146348065405,0.506278356287234,0.6501039281880879
AEP,-0.6909974069145941,-0.5775028370825741,-0.8540657275420797,0.09337619211445511,-0.29631020672620084,-0.39472663880171266,1.0,0.02758586245161384,-0.8382264491233977,-0.704786563965386,-0.30510911609669455,-0.8407408923511434,-0.26876581658439636,-0.04018091317974489,-0.8460730068085608,0.3804924754095974,0.6116347475359141,-0.8161238093837412,-0.7099905524960846,-0.8271182253135712,-0.8325745655329553,-0.6402970588099289,-0.7544899690484885,-0.8149378355641839,-0.8147070740802744,-0.7972328216538624,-0.6604388943075922,-0.3223553095613034,0.05246230153043554,-0.7455895758569697,-0.6822411691212679,-0.6192570928350333,0.7890814209274428,0.5272923111290425,-0.22661298675364405,0.4369208722892846,0.8779269915755036,0.8586884777698032,-0.5998181485663033,-0.7406837450981529,-0.010456371774387298,0.4572075681352205,0.8032423297927612,-0.8895777258821275,-0.8878010605742704,0.7151821567716339,0.12880724398807955,0.8136079669499692,-0.7213916649344848,-0.8210489111001311,-0.37787163050512645,0.8042085609887526,0.7864133296557079,0.9379042530397173,-0.7830798655602117,0.7110666794047698,-0.8217614386842436,-0.6508777664658241,-0.8093556903847483,-0.1589902045486929,-0.03622146419579048,-0.5858146668309561,-0.8643558238608666,-0.23020966578495083,0.8789944941049183,-0.6636778343568095,-0.768438305185727,-0.7802534521719333,-0.6947218409592985,-0.8741614852751346,-0.6064141017446265,-0.7662644111709154,-0.4465223530649138,-0.6484089303668978,-0.8187158368311495,-0.29121225340074636,-0.8011402179572473,-0.44144780967585523,0.5030311272659614,0.8550183219323062,0.24105357847804632,-0.5621443556788781,-0.3361995171699593,0.6985543117648885,-0.7130207589044125,0.23664146380604406,-0.8567434012517213,-0.800978125240163,0.2687802742294399,-0.7298826842832262,-0.739801260224703,0.6553694964010074,-0.8660758948511011,-0.7512992594943215,0.9290832193732497,0.46438282384468926,-0.7588542722782234,0.96397210003251,0.3712231287741703,-0.791426227261309
ALGN,0.29608798542661163,0.5324636740653784,-0.05714229183540501,0.6787268134656513,-0.011534492041068945,0.2180450622905774,0.02758586245161384,1.0,0.1787176924122355,0.1916469356925602,-0.5551164447929776,0.06981499198883774,0.6894278391759369,0.3588007602280702,0.04063233697761384,0.38675319839757244,0.37491212745551583,0.2287335814950178,0.12784257570434016,0.06072936060157613,-0.32664502244261095,0.05399792724705464,0.29300234197064345,-0.03838740525063954,0.09230822494851444,-0.23408723220210606,0.3426183185995026,0.0457087908251948,0.05045238275947345,-0.2153484797979475,0.2005368044118272,0.032892641754088375,0.36810640433587355,0.3712901298844507,-0.22013028909023727,0.5174980786347821,0.018933981375305834,0.1457815314364731,-0.24086417321634387,0.086004922322655,0.7068835593361144,0.5255857845472282,-0.19851373789259455,0.08781459289478215,0.10097580995965516,-0.11474018188557143,0.637112791008376,0.4712515795506662,-0.1696961262509029,-0.02263325514251612,0.24219794545851933,-0.07283340157071762,0.09124891928253062,-0.04027177970420707,-0.12375519231246315,0.38909453311090864,0.15688599816438806,-0.11852427572029602,0.15547211104809955,0.5490302420358726,0.35267725007042167,0.0976105971820949,0.15690263487007325,0.4120409240569556,0.03522153361801552,0.33292480988919554,0.028282720498546382,-0.048432674534537264,0.07609109021747186,0.16199544736494048,0.39017785023767704,0.24933869428451785,0.7642249953349821,0.06864748908180325,0.07304242972043895,0.020252492464125856,0.02778343162369837,-0.5285414972611473,0.49843119453093865,0.31924987499920204,-0.005957954945484129,0.040878509122690136,-0.4755622778655946,0.07498536234889142,0.19331540689920174,-0.4034818442702397,-0.1085831721894716,0.26094006977810613,-0.4114992707917109,0.39917027554622064,0.4154418450104177,0.593828722697909,0.08624910676866034,0.02075671397209659,0.1583495996117989,0.6176983929420653,0.15398010762220327,-0.09273106117486946,0.34760125339817927,-0.22160979521044127
AMAT,0.8946199754842847,0.7611850471360612,0.9211225037470816,0.2934205530836993,0.292762452374327,0.5869915435651243,-0.8382264491233977,0.1787176924122355,1.0,0.8935610787072419,0.09119839818372505,0.9512244641420105,0.5292014790602615,0.4685513092747153,0.9590666019623755,-0.27214077755886,-0.5054987220925041,0.8740492393070194,0.7057852766740154,0.9112545073667747,0.7702078158262312,0.5456521279942699,0.8158112197598328,0.885320665463586,0.9169988395493162,0.8155608595260968,0.6520488134594599,0.5899703068447577,0.27606453100402684,0.842663668675919,0.7901435470319645,0.8428603741371925,-0.5109284988783581,-0.1260702628402794,0.4560005152246217,-0.22648492207198145,-0.8053734284602595,-0.6650950704419873,0.4187871682493019,0.8791894977228052,0.26577614838178254,-0.24274996700277673,-0.8024511592490039,0.9114387787528359,0.9120963457311235,-0.47012393215727416,0.2868986855035887,-0.6537701571874995,0.8251950494192817,0.8692022496238381,0.6399281366117273,-0.7370656645941709,-0.6555455239099666,-0.8227760482291765,0.924255314944014,-0.5854713580423696,0.9829926007029831,0.7403877657286733,0.8932059157178991,0.5495963444126065,0.31203010361058575,0.687266795217136,0.9269209805380975,0.5172155692340652,-0.8254483841061442,0.8755915210428593,0.8925946373020474,0.8660760522351302,0.9037031219436971,0.9607162751863665,0.8568438065584623,0.7997071917174251,0.6060930115778038,0.7701727423407603,0.9082668291662763,0.4813550612696421,0.8877172940469633,0.37596357458397794,-0.2146232028688163,-0.6557155041465419,0.06199009972245704,0.4284889983700196,0.38459759116085834,-0.47625224176846864,0.7001836126519587,-0.16480587927680793,0.9117237114094697,0.8075470349604607,-0.23409420730558766,0.8798627610984331,0.8554103991175831,-0.3326601083025805,0.9036254819931,0.7785509318436933,-0.8130067172720927,-0.2582707210755802,0.9222200022037088,-0.8486196130394418,-0.12926449596883027,0.8369717512494502
AMD,0.9351285491928212,0.6704740338816279,0.7818685951529845,0.43551687913200604,-0.04377914653040305,0.45441193122365864,-0.704786563965386,0.1916469356925602,0.8935610787072419,1.0,-0.1656766818218795,0.8739769771822308,0.6750241264083319,0.6305886682977268,0.8785728963867772,-0.05334115900652954,-0.28677335602492515,0.7737042883937908,0.4036442000714958,0.9042765429102091,0.5680208491291288,0.22602369375050194,0.6320423052543496,0.7640957109717571,0.9225129926289388,0.7972219159479741,0.43298582691283977,0.49944159705476643,0.30907919839930653,0.7700719481328532,0.5929111366363989,0.7970898342515756,-0.3386453930062185,0.10430790839065512,0.5400914711787602,-0.21097254230948181,-0.7364569655598512,-0.6114084356501197,0.1547171260530532,0.866923698258026,0.446083579863753,-0.13748144857923786,-0.7648701048540004,0.8454144227753884,0.8473713890727625,-0.41198002506309955,0.33717093099576334,-0.4798611289108195,0.7467901618089184,0.7200730753505166,0.7114190814531997,-0.7829798517245359,-0.6943918593851164,-0.643164649694737,0.7923180438844935,-0.5296968641282231,0.898250809333907,0.7375598647095285,0.7334570569199933,0.5384465129646046,0.5138112698338311,0.7257351932757876,0.895543360195974,0.6422629391018692,-0.7888627089456935,0.8163714136566869,0.9283753272971386,0.8458659323446119,0.8387111759613849,0.8923034250285807,0.7123053780099698,0.5422190275236254,0.5382785488979729,0.7885723785200278,0.8784981566990129,0.22529808684986102,0.7520447092565511,0.1697684602879537,-0.022300041641974373,-0.610602133110594,0.06024624281304021,0.3402534595161194,0.13024956733119525,-0.3468818467969216,0.7725622256755846,-0.3630693626982956,0.8674339933546862,0.639891327148136,-0.22578433988345936,0.7965180187853503,0.8080300913889256,-0.23130075338419614,0.8155292865478605,0.7465755207290417,-0.6838459822277867,-0.1693368473148109,0.8326763672488003,-0.6607630483427537,-0.19665856224332187,0.716681846114397
AMGN,-0.1485387235478395,-0.11776545782776933,0.37491704214178406,-0.6160610180448423,0.6197491505709337,0.07435648385149597,-0.30510911609669455,-0.5551164447929776,0.09119839818372505,-0.1656766818218795,1.0,0.1909882808990922,-0.5665173446637675,-0.5507509018824448,0.17614428292181097,-0.433144018236044,-0.584019869953261,0.2287021429845704,0.45017764152572237,0.12111604917037182,0.6118990318167292,0.5843347881071165,0.2586692050057036,0.37247058191159865,0.0547763171468803,0.3333015762949934,0.24711444595437307,-0.010051067080999806,-0.19969086144616288,0.3650241329188606,0.2726814913727269,-0.00036350030565387233,-0.5901589668677628,-0.7120301400817495,0.12634270071186063,-0.42570189713600143,-0.24204327048868382,-0.17148816572763198,0.7466984032917032,0.06884634321118628,-0.7463156788521921,-0.5324534200781497,0.10951921059103008,0.23033557752347375,0.22051039439526024,-0.20203437041501046,-0.44872643493033987,-0.6129628870130165,0.41414232670408707,0.43947823613629194,-0.20950424982151675,-0.07157749426903283,-0.046067038117505586,-0.34890423442827717,0.3060257254963563,-0.4589452397440853,0.1118832635429744,0.31244078821449855,0.2815286530990704,-0.3762948918407667,-0.4759618454419002,0.06179619035508215,0.10108777941241955,-0.4665995189883519,-0.20740332719051585,-0.1393273309987256,0.04085788532652169,0.18813743083650963,0.06634309563317482,0.11436247376824873,0.015581592581046107,0.3640587182223565,-0.31774419250263886,0.04395525015638692,0.10557931600361611,0.45873980721069246,0.2969435382536029,0.6745376245179038,-0.6343991205123105,-0.3763875080391747,-0.0622126386213771,0.4929411961999799,0.6823116727389309,-0.2749512274471543,0.001481999471368348,0.4589236981786405,0.25842888583298995,0.24884417185798877,0.3868521564022488,-0.07523408519901631,-0.07686677060673201,-0.5968151604956288,0.22338943467791206,0.21823305125853876,-0.40681417211268606,-0.5228813900432172,0.1649770849458148,-0.2639125495022098,-0.20161638910657284,0.3476885581741357
AMZN,0.8923754986981152,0.711949437573473,0.950786704170835,0.16799190397955216,0.27436691792006185,0.5189792688863997,-0.8407408923511434,0.06981499198883774,0.9512244641420105,0.8739769771822308,0.1909882808990922,1.0,0.44784493648645163,0.38950148552330816,0.9592206330241809,-0.24208684012040127,-0.5139774367929582,0.9026811243944838,0.7201279418714184,0.9252766046262054,0.8345440964389745,0.5614954010105148,0.8475996026532622,0.9268498502548269,0.9510228800534006,0.8547098235127903,0.5995891225228029,0.6000181714752948,0.2770201586148716,0.9090706188444075,0.8037141887272227,0.8385113860518594,-0.5450573338775629,-0.1707776602677767,0.5414471915221928,-0.2748858311254894,-0.8641570873123283,-0.6373224111750778,0.48724612172931436,0.8914650201884395,0.1881755604146027,-0.40005293619902077,-0.7618840028062124,0.9495528614904821,0.9489412815626769,-0.45570933446581724,0.20776911001280013,-0.7360026925828344,0.8810909285486436,0.905989989146176,0.6862257066721749,-0.7837208159594439,-0.6957043805320011,-0.8237680845964614,0.9225784728320423,-0.6654135535161761,0.9688993398612108,0.8410988443065688,0.9175447514667867,0.3959879270685658,0.36998897732235214,0.7280652172207518,0.9537859865461233,0.5439366774362959,-0.8774042928128996,0.8191135700912977,0.9387395663622768,0.9005542535976168,0.9188950400677569,0.9645246454828206,0.7740271639596343,0.7767455861314014,0.5034878534971156,0.8529869247279964,0.9074802413815349,0.45646523049515464,0.9104257565955104,0.3939435253562739,-0.20659294117015373,-0.7324635227288828,-0.025343877940365335,0.46885961460108627,0.4339297801911792,-0.43950064194354016,0.7212555578982299,-0.14068956037717598,0.9344842215672976,0.7860769895269024,-0.14862808891194046,0.8250523760710353,0.8428027205426639,-0.4686770802851437,0.9473086114665948,0.868365849680184,-0.8674888932271745,-0.36065963125253786,0.9221234931187835,-0.8238597114239509,-0.25333268213424753,0.8432111722186312
ANSS,0.7243197058913774,0.6799438816626485,0.3188460101702825,0.7749869532498909,-0.24634505518604607,0.250252610110053,-0.26876581658439636,0.6894278391759369,0.5292014790602615,0.6750241264083319,-0.5665173446637675,0.44784493648645163,1.0,0.586534713194226,0.4649767286415638,0.27419012036464563,0.10445382323612651,0.4990261799963781,0.142234858786357,0.5678337910403819,-0.017196107698852915,-0.03294882887398651,0.3549978812763722,0.3075130149514986,0.5681802370526432,0.29165515389174956,0.37484588754206777,0.20951217731069297,0.15838424647297242,0.2722666599936818,0.2438634915639817,0.38488783296207274,0.06849925458222483,0.3937886382265455,0.27188124022870863,0.14341955648176033,-0.33563758212998657,-0.13381597628559155,-0.17177637951548133,0.5106667175742581,0.8397291268696468,0.41363859537113334,-0.5642645506402587,0.44713081285691,0.4559610536043997,-0.2698128135732805,0.5626251180446462,0.10410793910149993,0.28642738552478486,0.32150655243665244,0.5535862558214358,-0.5424011157558922,-0.33909827005919385,-0.3092193090270108,0.24424986591262066,-0.0887154866262814,0.5009690615395281,0.3281727599008576,0.36097782522881827,0.6343289770913751,0.5624147504010181,0.47630158074258705,0.571049674918815,0.602726809133322,-0.39935605224571086,0.5782269893278404,0.548514787910374,0.4012421155546566,0.4282437034187454,0.5593962737532153,0.5247391388346676,0.3349977290499606,0.6820019979421266,0.48967559731108556,0.5474944406913883,-0.06385789730179452,0.35905611998128745,-0.34620487962845176,0.3955470157744189,-0.07494789360166597,0.047246987521379125,0.19002371269119497,-0.39533197234317113,-0.07037139474777993,0.6665196459321686,-0.5482891310384683,0.3955771254144629,0.39539110786636944,-0.31935799991896024,0.6567592340195816,0.6904021279926625,0.3087313513206271,0.444733901746232,0.4225703359128123,-0.2301619710023884,0.3068683173222802,0.4958916778150826,-0.29978731894737815,0.017973379367059113,0.1570005514141312
ASML,0.5703291722103357,0.39394193141284717,0.24640335066345959,0.6581311428734181,-0.26820582318389036,0.44459445221100596,-0.04018091317974489,0.3588007602280702,0.4685513092747153,0.6305886682977268,-0.5507509018824448,0.38950148552330816,0.586534713194226,1.0,0.3806478718311007,0.21390721122576606,0.22791833487348,0.25600605861608366,-0.004371024397712199,0.38261590214538,-0.023547527151880084,-0.1661228535150708,0.22690666538271864,0.2544775466772728,0.43236072442779533,0.21732655164467388,-0.013473243194235525,0.5135745715489693,0.5669274064664848,0.2584831745086278,0.31958657408638486,0.5385571571362743,0.34875441230519266,0.6206322757462394,0.4549759073113545,0.37129192021289553,-0.1471542795389222,-0.08905309572910582,-0.3021926239422279,0.44615902776458866,0.5649766602148237,0.28366886365512656,-0.2612647112489831,0.2653402759560268,0.26866207198646835,0.17885821023424447,0.708596242148068,0.14621240578051412,0.2699612623931063,0.1512375744130599,0.5579976817887041,-0.1298561484073568,-0.19787798661905848,0.011405042033468713,0.4062254830529572,0.13477732678123314,0.4708861084207418,0.2614483467434187,0.2720815941982639,0.6917617893690557,0.5251380424192791,0.3706924022060954,0.34154437194491866,0.6274242519922498,-0.14147431178169137,0.5856191741746561,0.45359154907948235,0.4149827410639493,0.5798571435045631,0.364307556002929,0.4993645126171385,0.07317459101439351,0.3852117568312406,0.3501849008354537,0.3557591417521043,0.14269101109389493,0.260866979365554,-0.1490104403993277,0.33455250970878087,0.09594947792114397,0.4629696721054328,-0.1969451483970824,-0.02647160165083861,0.24354002049364248,0.1880618122127576,-0.13705224353576445,0.3249096394463085,0.18846582595795744,-0.11785340786819981,0.42938476730833175,0.36436985117903914,0.41856585082774644,0.24150425459204555,0.24559725132524793,-0.0004319529187264095,0.3480231033210205,0.3902878243123897,-0.040821968786247595,0.25836962899356103,0.2697165239200092
AVGO,0.8881841784535429,0.7004548423183631,0.9630409520123407,0.18228926336024567,0.2933049787946091,0.4953156591090741,-0.8460730068085608,0.04063233697761384,0.9590666019623755,0.8785728963867772,0.17614428292181097,0.9592206330241809,0.4649767286415638,0.3806478718311007,1.0,-0.2973715366366224,-0.558105649190457,0.8454466798587562,0.7149246198653827,0.929402068241113,0.8366354984529409,0.522359741991691,0.7859971724454152,0.9122298775507938,0.9389911298038439,0.8618473807655889,0.6057746943774771,0.6221199216655792,0.3114399955533086,0.9148458192714248,0.7359077536992437,0.8532973561951684,-0.5755140135868981,-0.14982407565086334,0.5786711088325525,-0.3277551620932071,-0.8162777403704062,-0.6325042742606656,0.46808944226358373,0.8956177293753725,0.2230950114090582,-0.35092832562663573,-0.7743893125948389,0.917458213447057,0.9168044501008984,-0.4144706239071868,0.1840263836425583,-0.7426690368635873,0.8628357426970295,0.8813971346539629,0.6832423981261375,-0.76908842801855,-0.7253945564111673,-0.841818430161728,0.9345059707766366,-0.7092502062926422,0.9565439402396502,0.8069037712799941,0.8733792241756047,0.46219652408034795,0.29088337846023193,0.6280679842872358,0.9456433150353751,0.47028851290059837,-0.8664556576127806,0.8577358968915332,0.9276304997890479,0.8620864477481793,0.9130464994489172,0.9731164130692246,0.802965732773737,0.7643415906619658,0.509810633728853,0.8203958818012339,0.9340684040733018,0.4836573344839327,0.919017468535884,0.4144014690879401,-0.24649129889034668,-0.7250061319845493,0.004154084277377001,0.40203422408722883,0.4300871626692443,-0.5076839721572459,0.708753909418503,-0.07922253848978722,0.9483054784041383,0.7565369598703108,-0.20156932008994138,0.8468865594941136,0.843505638291615,-0.4426415583150978,0.9283860127295652,0.8321231633863687,-0.849598911621079,-0.4103745567343741,0.9078692598943375,-0.8265584583859306,-0.27181421374619436,0.8683892517783907
AZN,-0.018486659224368557,-0.1865892260057029,-0.4091979981002152,0.29148149227886005,-0.22272948730908324,-0.354873041359443,0.3804924754095974,0.38675319839757244,-0.27214077755886,-0.05334115900652954,-0.433144018236044,-0.24208684012040127,0.27419012036464563,0.21390721122576606,-0.2973715366366224,1.0,0.7807148100694642,-0.22425278192704173,-0.44683888204282834,-0.259975525595023,-0.5186610657423604,-0.4678644564784625,-0.10739729751433433,-0.4052227863933856,-0.14229732313045038,-0.3945225694606184,-0.18751624725515784,-0.04337338517804047,0.1668322138594247,-0.3268521176160398,-0.3551367816300795,-0.22490528965589898,0.5195976132390469,0.44788681268327574,0.038740982098414506,0.2717016774579999,0.29573828026803084,0.4057627553932327,-0.5138605178746698,-0.26062997200923443,0.4642875446736714,0.15774940692225625,0.1872148230000376,-0.1623736618070641,-0.15373041284917194,0.2035797777640683,0.1919749029978676,0.5819034060404881,-0.33120264549040906,-0.37744649285118964,0.2759631542568254,0.12282754263590101,0.15035284587499453,0.4257495749387315,-0.36274139950475043,0.21228743972804176,-0.21186394922846785,-0.12647919642649094,-0.3106412766090193,-0.12286044279911118,0.574513314083476,-0.18078733225570562,-0.18228929434252084,0.43910193095163247,0.3032319225693243,-0.0930262124452008,-0.13658332569598078,-0.2086436200303625,-0.26352907179714674,-0.2055796302933653,-0.29327271017716233,-0.4508781984451317,0.14914347466646508,0.03258040456529222,-0.28150404048904887,-0.3405212985215726,-0.445928303684943,-0.7331384355388499,0.755461774467605,0.2398857035424497,-0.31218354477210963,-0.1809403486136867,-0.6083562529634128,0.33920976494102323,-0.04690860913437309,-0.3317466759428057,-0.3708820663781238,-0.3701803908787233,-0.28912950016475875,-0.21199112402295706,-0.007430391610203255,0.40171609023427407,-0.13422810224504986,-0.057598782379216916,0.4255882021580392,0.2134643193348991,-0.2789840028664849,0.41591675616116136,-0.07015829073188967,-0.520140460939116
BIIB,-0.27700083464293407,-0.35184613005952586,-0.6771632024066767,0.20498565353411582,-0.31921938299494207,-0.3036745817013191,0.6116347475359141,0.37491212745551583,-0.5054987220925041,-0.28677335602492515,-0.584019869953261,-0.5139774367929582,0.10445382323612651,0.22791833487348,-0.558105649190457,0.7807148100694642,1.0,-0.5400253283711212,-0.5931317955662445,-0.5504624412265475,-0.7478011367813144,-0.5557916219705255,-0.32858686927640135,-0.6490463313159609,-0.43741598953042143,-0.6761161083161084,-0.3830445027585715,-0.06128971112820313,0.20751710520167693,-0.6225537728686974,-0.4642976029342269,-0.3789661269760931,0.7050968798020539,0.49620690239214355,-0.148909138320255,0.5791307651008412,0.5812093612749195,0.5098352071625203,-0.6692265152723618,-0.4869198826812039,0.4154537788679758,0.3368487551102326,0.3942926994695182,-0.4489152818605999,-0.44127460531957674,0.47204359800519624,0.19128948551517272,0.7952110241966297,-0.6458390574105768,-0.672497877046596,0.06644259251967029,0.4518662235578515,0.25682576431071164,0.644975697331148,-0.587041969379779,0.6019186433327558,-0.4751056411442014,-0.46325715542866885,-0.5450172238375491,-0.10082186347941871,0.3397719839401081,-0.43018580993582,-0.4790916845231551,0.2396499065540278,0.609799166799119,-0.22678334159062338,-0.4221129586494287,-0.48264316661971257,-0.443231498802192,-0.4947535314104154,-0.3968352255581703,-0.6483750122337425,0.09036855082476189,-0.31136776261393373,-0.5432560369186828,-0.4040239099661889,-0.6666862028978224,-0.7753399308139733,0.6929311776163632,0.5324282735646435,-0.15890477937125316,-0.47206066001314395,-0.6724031113017813,0.437420198101933,-0.3905855873103869,-0.15825224251567696,-0.6349433692561968,-0.5194051683038112,-0.3042997623108119,-0.3588295618574577,-0.24634579465397125,0.6125630580147455,-0.43859575185820615,-0.3261048342998942,0.7003410897950363,0.40850450881691913,-0.5509918365240868,0.6222134968674343,0.17690441870586507,-0.6701532863130104
BKNG,0.8216350306840535,0.8079091202740858,0.8592955561140827,0.26536339652810353,0.28668928777725783,0.517690784673248,-0.8161238093837412,0.2287335814950178,0.8740492393070194,0.7737042883937908,0.2287021429845704,0.9026811243944838,0.4990261799963781,0.25600605861608366,0.8454466798587562,-0.22425278192704173,-0.5400253283711212,1.0,0.7276920948471173,0.88577080939843,0.7302775069522344,0.6464703549252123,0.859115715392581,0.8911423684850855,0.8762024801774051,0.7955717160848458,0.6254267945756287,0.35906331331023783,0.06251852890202375,0.791581030673977,0.8230580265834675,0.6773679772755586,-0.5155857082998168,-0.2541530727640384,0.36752859135352056,-0.21374350946399817,-0.8769825972469933,-0.608685430389481,0.5629948818504146,0.8298046172746218,0.16018244567237902,-0.2879155071182904,-0.737878756363015,0.887253199104143,0.8878153465034675,-0.6180081448424848,0.30274579986789074,-0.6625979034032935,0.8151239985177429,0.9110076339016933,0.51349953585508,-0.7972466854377435,-0.5712187981504369,-0.7848669658475649,0.7773071451138368,-0.5694849911505129,0.8945003128553877,0.7927229306245822,0.9417960419838994,0.40210896316528,0.3242735685239283,0.821522009587594,0.9088999218224129,0.45619919703645617,-0.8657397608832662,0.6726668154763983,0.8236915766015254,0.8421271772563407,0.7623959829003736,0.8948707610349251,0.7570498215475556,0.8510109499215813,0.5470760585035541,0.77767517339238,0.8376262685646414,0.42883730253681906,0.8925297569597697,0.3827049795603969,-0.22270251520961087,-0.6367931950395566,-0.021285106523991345,0.6546084265047531,0.36619634518640526,-0.36873688049137404,0.7952974221231898,-0.2567145459217539,0.8548976001628097,0.8268562361728519,-0.0254354823200569,0.7757477953515733,0.7992998914250232,-0.4249151636852847,0.8777038251190139,0.7890333226807151,-0.8417718839090371,-0.16516087253798073,0.8772160806815251,-0.8215509288876983,-0.1940672851282153,0.717513596818658
BKR,0.5040728100058942,0.6580056536332727,0.7911019941566075,-0.07031945988821976,0.6490264337121029,0.5435780613584082,-0.7099905524960846,0.12784257570434016,0.7057852766740154,0.4036442000714958,0.45017764152572237,0.7201279418714184,0.142234858786357,-0.004371024397712199,0.7149246198653827,-0.44683888204282834,-0.5931317955662445,0.7276920948471173,1.0,0.591876170896346,0.7913161699818713,0.868006033889926,0.8199447916919472,0.7612908018682027,0.5823061714512487,0.5249133277959332,0.7326030961379112,0.4758409921480827,0.11002420054197985,0.6404639641774411,0.8260958377644068,0.5834709040549763,-0.566030243461351,-0.4217502872514923,0.21846902205064106,-0.07049665819819535,-0.6237243749695974,-0.41535902325350615,0.7890053784441724,0.5634700128828757,-0.03105005849369132,-0.32085630103551477,-0.4805383894517205,0.6815419874574524,0.6820453294772338,-0.3647486801481111,0.10367978075454251,-0.664384007231096,0.6174035153525672,0.761535889811366,0.3147108673297711,-0.41775772500125624,-0.4002024396734991,-0.7771827645917154,0.708749774715655,-0.4257890412020058,0.6976419662429449,0.5052094275317184,0.8213201815399803,0.31606628015740634,-0.09241201032895634,0.37001068442264734,0.6596386456540929,0.12505993139510566,-0.6017416611002225,0.646296744090989,0.5231980087037904,0.5738490098916094,0.6722882532924003,0.7049015336102532,0.7341932271248633,0.9038370201849718,0.5116456421717757,0.5003545739031293,0.5978543974026883,0.6885940409223533,0.7836953429865607,0.48904989211860495,-0.39685881872735496,-0.4676377781502033,0.002102110649114147,0.4076850175700903,0.5628716161403642,-0.44508852021283707,0.34877472389499287,0.22870086302177178,0.6394276825161083,0.8043589615240405,-0.12948041569016933,0.6836394754177035,0.6586491996150374,-0.37548056049631723,0.7115742698470269,0.5933421420198394,-0.6959585597986656,-0.26306425858122906,0.6837378241334694,-0.7635998174222355,-0.01681680172618237,0.689501353390439
CDNS,0.9115154213453364,0.7237093810005005,0.9082343090205579,0.2776475559595772,0.07765810386221596,0.4972763951715461,-0.8271182253135712,0.06072936060157613,0.9112545073667747,0.9042765429102091,0.12111604917037182,0.9252766046262054,0.5678337910403819,0.38261590214538,0.929402068241113,-0.259975525595023,-0.5504624412265475,0.88577080939843,0.591876170896346,1.0,0.7566506351496777,0.45736084046324493,0.7032525007493727,0.8970672181505456,0.9647884125464947,0.9167240044203684,0.5184336924357174,0.4262693042967629,0.16488440531289072,0.8845900825441613,0.6830803329691502,0.7608994736162099,-0.5818222785881566,-0.16999481463609376,0.548594014147218,-0.34460134017163413,-0.8718161793979101,-0.6499151102983755,0.46812440185675114,0.9236475128449132,0.24892220767990758,-0.253615638745776,-0.7814481065423247,0.9042883168062963,0.9024636526864237,-0.5526173207696016,0.19275988320286974,-0.7158956426459226,0.8806289998960793,0.8917396804154838,0.589080866947237,-0.8855052496871568,-0.7381561450337009,-0.8018415358020871,0.8402608173002352,-0.6759782820238697,0.9141580804833749,0.8442910334272555,0.8463737559024015,0.4345753242922926,0.3066855215996931,0.807436881138797,0.9570965057527111,0.43714409611989813,-0.9099830586041319,0.7265373389950145,0.9513485948690338,0.908617461395103,0.838334976402815,0.9445120776131923,0.7102797139269499,0.7339559169735049,0.4342713632443327,0.8314731883047507,0.9556965156181453,0.2829733967123607,0.8876433572329103,0.40339158153981103,-0.2732738244070853,-0.7119385292630498,0.050256047131491864,0.5472932443272926,0.3305665251647699,-0.40288168355111603,0.8590277785826193,-0.2879375545110109,0.9703060360824589,0.7578119770646764,-0.041920328822849524,0.8098238505415325,0.8075236128308075,-0.4688696951559612,0.878879790089129,0.8373548180339473,-0.8663255986653725,-0.29681101338353777,0.8875151830495648,-0.7722172372586954,-0.2999769443705698,0.8185181562262833
